,MEA_DDHR,PLANT,LOC,X24H_TMA,X24H_COND_LOC,X24H_COND_LOC_PROB,X48H_TMA,X48H_COND_LOC,X48H_COND_LOC_PROB
0,2019-04-01 0:00,2,3,2019-04-02 0:00,0.0,99.96981024742126,2019-04-03 0:00,0.0,99.97568130493164
1,2019-04-01 4:30,1,2,2019-04-02 4:30,0.0,99.53126311302185,2019-04-03 4:30,0.0,99.63567852973938
2,2019-04-01 10:30,2,3,2019-04-02 10:30,0.0,99.86461997032166,2019-04-03 10:30,0.0,99.9754786491394
3,2019-04-01 11:00,1,1,2019-04-02 11:00,0.0,99.9642014503479,2019-04-03 11:00,0.0,99.90307688713074
4,2019-04-01 13:30,2,1,2019-04-02 13:30,0.0,99.96543526649475,2019-04-03 13:30,0.0,99.89696145057678
5,2019-04-01 17:00,2,2,2019-04-02 17:00,0.0,99.97588992118835,2019-04-03 17:00,0.0,99.96249675750732
6,2019-04-01 18:30,2,3,2019-04-02 18:30,0.0,99.97438788414001,2019-04-03 18:30,0.0,99.96420741081238
7,2019-04-01 20:30,2,1,2019-04-02 20:30,0.0,99.94290471076965,2019-04-03 20:30,0.0,99.79184865951538
8,2019-04-02 6:00,1,2,2019-04-03 6:00,0.0,99.12826418876648,2019-04-04 6:00,0.0,99.33198690414429
9,2019-04-02 7:00,1,1,2019-04-03 7:00,0.0,99.84919428825378,2019-04-04 7:00,0.0,99.64471459388733
10,2019-04-02 9:30,1,1,2019-04-03 9:30,0.0,99.92548823356628,2019-04-04 9:30,0.0,99.95622634887695
11,2019-04-02 12:30,1,2,2019-04-03 12:30,0.0,99.86657500267029,2019-04-04 12:30,0.0,99.87095594406128
12,2019-04-02 15:00,1,1,2019-04-03 15:00,0.0,99.96813535690308,2019-04-04 15:00,0.0,99.89370703697205
13,2019-04-02 16:00,2,2,2019-04-03 16:00,0.0,99.97588992118835,2019-04-04 16:00,0.0,99.96249675750732
14,2019-04-02 16:30,1,1,2019-04-03 16:30,0.0,99.96347427368164,2019-04-04 16:30,0.0,99.93195533752441
15,2019-04-02 17:00,2,2,2019-04-03 17:00,0.0,99.97588992118835,2019-04-04 17:00,0.0,99.96249675750732
16,2019-04-02 19:30,1,1,2019-04-03 19:30,0.0,99.95343685150146,2019-04-04 19:30,0.0,99.92833137512207
17,2019-04-03 0:30,1,2,2019-04-04 0:30,0.0,99.72607493400574,2019-04-05 0:30,0.0,99.79178309440613
18,2019-04-03 1:00,1,1,2019-04-04 1:00,0.0,99.95834827423096,2019-04-05 1:00,0.0,99.49942231178284
19,2019-04-03 3:00,2,3,2019-04-04 3:00,0.0,99.97754693031311,2019-04-05 3:00,0.0,99.98116493225098
20,2019-04-03 4:30,1,1,2019-04-04 4:30,0.0,99.95575547218323,2019-04-05 4:30,0.0,99.44568276405334
21,2019-04-03 7:00,2,1,2019-04-04 7:00,0.0,97.37180471420288,2019-04-05 7:00,0.0,99.05189275741577
22,2019-04-03 8:30,2,1,2019-04-04 8:30,0.0,99.76486563682556,2019-04-05 8:30,0.0,99.29118752479553
23,2019-04-03 9:00,1,1,2019-04-04 9:00,0.0,99.9451994895935,2019-04-05 9:00,0.0,99.91824626922607
24,2019-04-03 10:00,2,1,2019-04-04 10:00,0.0,99.9564528465271,2019-04-05 10:00,0.0,99.8799979686737
25,2019-04-03 11:00,2,2,2019-04-04 11:00,0.0,99.96886849403381,2019-04-05 11:00,0.0,99.77326393127441
26,2019-04-03 11:30,1,2,2019-04-04 11:30,0.0,99.93837475776672,2019-04-05 11:30,0.0,99.80518221855164
27,2019-04-03 12:30,1,3,2019-04-04 12:30,0.0,99.83962178230286,2019-04-05 12:30,0.0,99.7317910194397
28,2019-04-03 17:00,2,2,2019-04-04 17:00,0.0,99.9806821346283,2019-04-05 17:00,0.0,99.85349774360657
29,2019-04-03 19:00,2,2,2019-04-04 19:00,0.0,99.96703863143921,2019-04-05 19:00,0.0,99.50836896896362
30,2019-04-03 19:30,2,1,2019-04-04 19:30,0.0,99.91825222969055,2019-04-05 19:30,0.0,99.76598024368286
31,2019-04-04 0:30,1,2,2019-04-05 0:30,0.0,99.81294870376587,2019-04-06 0:30,0.0,99.73350763320923
32,2019-04-04 4:30,2,1,2019-04-05 4:30,0.0,97.10500836372375,2019-04-06 4:30,0.0,99.4356632232666
33,2019-04-04 5:00,2,2,2019-04-05 5:00,0.0,99.65210556983948,2019-04-06 5:00,0.0,98.37649464607239
34,2019-04-04 6:00,1,1,2019-04-05 6:00,0.0,99.94187355041504,2019-04-06 6:00,0.0,98.89764189720154
35,2019-04-04 14:30,2,3,2019-04-05 14:30,0.0,99.9573826789856,2019-04-06 14:30,0.0,99.85811710357666
36,2019-04-04 18:00,2,3,2019-04-05 18:00,0.0,99.97161626815796,2019-04-06 18:00,0.0,99.75882768630981
37,2019-04-04 22:00,1,1,2019-04-05 22:00,0.0,99.9528706073761,2019-04-06 22:00,0.0,99.94877576828003
38,2019-04-04 23:00,1,1,2019-04-05 23:00,0.0,99.9528706073761,2019-04-06 23:00,0.0,99.9666690826416
39,2019-04-05 0:00,2,1,2019-04-06 0:00,0.0,97.283536195755,2019-04-07 0:00,0.0,99.71946477890015
40,2019-04-05 0:30,1,1,2019-04-06 0:30,0.0,99.95524883270264,2019-04-07 0:30,0.0,99.96784925460815
41,2019-04-05 1:30,2,2,2019-04-06 1:30,0.0,99.2045521736145,2019-04-07 1:30,0.0,99.7284471988678
42,2019-04-05 2:00,1,2,2019-04-06 2:00,0.0,99.81265664100647,2019-04-07 2:00,0.0,99.88027811050415
43,2019-04-05 2:30,1,3,2019-04-06 2:30,0.0,99.63976740837097,2019-04-07 2:30,0.0,99.76348280906677
44,2019-04-05 4:30,2,1,2019-04-06 4:30,0.0,99.47231411933899,2019-04-07 4:30,0.0,99.81291890144348
45,2019-04-05 6:30,2,2,2019-04-06 6:30,0.0,99.16269183158875,2019-04-07 6:30,0.0,98.78484010696411
46,2019-04-05 8:00,1,3,2019-04-06 8:00,0.0,99.58764910697937,2019-04-07 8:00,0.0,99.65700507164001
47,2019-04-05 13:00,2,3,2019-04-06 13:00,0.0,99.75689649581909,2019-04-07 13:00,0.0,99.82876777648926
48,2019-04-05 15:30,1,3,2019-04-06 15:30,0.0,99.7796356678009,2019-04-07 15:30,0.0,99.91722702980042
49,2019-04-05 18:00,1,1,2019-04-06 18:00,0.0,99.97376203536987,2019-04-07 18:00,0.0,99.93563890457153
50,2019-04-05 18:00,2,3,2019-04-06 18:00,0.0,99.9794602394104,2019-04-07 18:00,0.0,99.88491535186768
51,2019-04-05 21:30,1,2,2019-04-06 21:30,0.0,99.92918968200684,2019-04-07 21:30,0.0,99.7604489326477
52,2019-04-06 0:30,1,1,2019-04-07 0:30,0.0,99.9596118927002,2019-04-08 0:30,0.0,99.95593428611755
53,2019-04-06 2:00,2,3,2019-04-07 2:00,0.0,99.98462796211243,2019-04-08 2:00,0.0,98.31833243370056
54,2019-04-06 2:00,1,2,2019-04-07 2:00,0.0,99.89338517189026,2019-04-08 2:00,0.0,99.90406632423401
55,2019-04-06 6:30,1,3,2019-04-07 6:30,0.0,99.65477585792542,2019-04-08 6:30,0.0,99.44668412208557
56,2019-04-06 12:00,2,3,2019-04-07 12:00,0.0,99.9573826789856,2019-04-08 12:00,0.0,99.88137483596802
57,2019-04-06 17:00,1,1,2019-04-07 17:00,0.0,99.97218251228333,2019-04-08 17:00,0.0,99.93563890457153
58,2019-04-06 18:00,1,3,2019-04-07 18:00,0.0,99.86181259155273,2019-04-08 18:00,0.0,99.858957529068
59,2019-04-06 21:00,2,1,2019-04-07 21:00,0.0,99.97966289520264,2019-04-08 21:00,0.0,99.93159174919128
60,2019-04-06 22:30,1,3,2019-04-07 22:30,0.0,99.9224841594696,2019-04-08 22:30,0.0,99.19649958610535
61,2019-04-07 0:30,2,2,2019-04-08 0:30,0.0,99.92210268974304,2019-04-09 0:30,0.0,99.93358254432678
62,2019-04-07 2:30,2,2,2019-04-08 2:30,0.0,99.91125464439392,2019-04-09 2:30,0.0,99.90429282188416
63,2019-04-07 3:00,1,3,2019-04-08 3:00,0.0,99.91758465766907,2019-04-09 3:00,0.0,99.82452392578125
64,2019-04-07 3:00,2,1,2019-04-08 3:00,0.0,99.94820952415466,2019-04-09 3:00,0.0,99.9293327331543
65,2019-04-07 7:30,2,1,2019-04-08 7:30,0.0,99.89306926727295,2019-04-09 7:30,0.0,99.9512255191803
66,2019-04-07 12:00,1,1,2019-04-08 12:00,0.0,99.95872974395752,2019-04-09 12:00,0.0,99.97202157974243
67,2019-04-07 13:30,2,2,2019-04-08 13:30,0.0,99.977046251297,2019-04-09 13:30,0.0,99.96749758720398
68,2019-04-07 13:30,2,3,2019-04-08 13:30,0.0,99.989914894104,2019-04-09 13:30,0.0,99.96621608734131
69,2019-04-07 17:30,2,3,2019-04-08 17:30,0.0,99.989914894104,2019-04-09 17:30,0.0,99.93292093276978
70,2019-04-08 1:30,1,1,2019-04-09 1:30,0.0,99.95383620262146,2019-04-10 1:30,0.0,99.9580979347229
71,2019-04-08 2:00,2,3,2019-04-09 2:00,0.0,99.98657703399658,2019-04-10 2:00,0.0,99.98419284820557
72,2019-04-08 2:00,1,3,2019-04-09 2:00,0.0,99.92703795433044,2019-04-10 2:00,0.0,99.38513040542603
73,2019-04-08 5:30,1,3,2019-04-09 5:30,0.0,99.92805123329163,2019-04-10 5:30,0.0,99.56037998199463
74,2019-04-08 8:00,2,1,2019-04-09 8:00,0.0,99.87897872924805,2019-04-10 8:00,0.0,99.72452521324158
75,2019-04-08 11:00,2,3,2019-04-09 11:00,0.0,99.97335076332092,2019-04-10 11:00,0.0,99.93292093276978
76,2019-04-08 12:00,2,2,2019-04-09 12:00,0.0,99.97135996818542,2019-04-10 12:00,0.0,99.97657537460327
77,2019-04-08 13:30,2,2,2019-04-09 13:30,0.0,99.97135996818542,2019-04-10 13:30,0.0,99.97459053993225
78,2019-04-08 17:30,2,3,2019-04-09 17:30,0.0,99.989914894104,2019-04-10 17:30,0.0,99.93031620979309
79,2019-04-08 20:30,2,3,2019-04-09 20:30,0.0,99.989914894104,2019-04-10 20:30,0.0,99.96099472045898
80,2019-04-08 23:00,2,1,2019-04-09 23:00,0.0,99.96033310890198,2019-04-10 23:00,0.0,99.80185627937317
81,2019-04-08 23:30,1,2,2019-04-09 23:30,0.0,99.92977976799011,2019-04-10 23:30,0.0,99.52101707458496
82,2019-04-09 1:00,2,3,2019-04-10 1:00,0.0,99.989914894104,2019-04-11 1:00,0.0,99.92263913154602
83,2019-04-09 2:00,2,1,2019-04-10 2:00,0.0,99.97140169143677,2019-04-11 2:00,0.0,99.74613785743713
84,2019-04-09 2:30,1,1,2019-04-10 2:30,0.0,99.95508790016174,2019-04-11 2:30,0.0,99.95952844619751
85,2019-04-09 3:30,2,2,2019-04-10 3:30,0.0,99.7572660446167,2019-04-11 3:30,0.0,99.88865256309509
86,2019-04-09 4:30,2,3,2019-04-10 4:30,0.0,99.989914894104,2019-04-11 4:30,0.0,99.95751976966858
87,2019-04-09 5:30,1,3,2019-04-10 5:30,0.0,99.91794228553772,2019-04-11 5:30,0.0,99.44754242897034
88,2019-04-09 8:30,2,2,2019-04-10 8:30,0.0,99.97723698616028,2019-04-11 8:30,0.0,99.87388253211975
89,2019-04-09 9:00,1,1,2019-04-10 9:00,0.0,99.96064305305481,2019-04-11 9:00,0.0,99.9580979347229
90,2019-04-09 9:30,1,1,2019-04-10 9:30,0.0,99.96288418769836,2019-04-11 9:30,0.0,99.93669986724854
91,2019-04-09 21:00,1,2,2019-04-10 21:00,0.0,99.8675525188446,2019-04-11 21:00,0.0,99.83089566230774
92,2019-04-10 1:00,2,2,2019-04-11 1:00,0.0,99.92141127586365,2019-04-12 1:00,0.0,99.95192885398865
93,2019-04-10 1:30,1,3,2019-04-11 1:30,0.0,99.90495443344116,2019-04-12 1:30,0.0,99.6786117553711
94,2019-04-10 2:00,2,2,2019-04-11 2:00,0.0,99.92141127586365,2019-04-12 2:00,0.0,99.94401335716248
95,2019-04-10 4:30,1,1,2019-04-11 4:30,0.0,99.94937181472778,2019-04-12 4:30,0.0,99.94487762451172
96,2019-04-10 6:30,2,3,2019-04-11 6:30,0.0,99.9886691570282,2019-04-12 6:30,0.0,99.98227953910828
97,2019-04-10 7:30,1,2,2019-04-11 7:30,0.0,99.84953999519348,2019-04-12 7:30,0.0,99.83089566230774
98,2019-04-10 10:00,1,1,2019-04-11 10:00,0.0,99.9410092830658,2019-04-12 10:00,0.0,99.96830821037292
99,2019-04-10 13:00,1,3,2019-04-11 13:00,0.0,99.8150885105133,2019-04-12 13:00,0.0,99.78664517402649
100,2019-04-10 13:00,2,1,2019-04-11 13:00,0.0,99.9253511428833,2019-04-12 13:00,0.0,99.92900490760803
101,2019-04-10 13:00,2,3,2019-04-11 13:00,0.0,99.98177289962769,2019-04-12 13:00,0.0,99.9579906463623
102,2019-04-10 16:30,1,1,2019-04-11 16:30,0.0,99.91921186447144,2019-04-12 16:30,0.0,99.97316002845764
103,2019-04-10 18:00,1,3,2019-04-11 18:00,0.0,99.86244440078735,2019-04-12 18:00,0.0,99.77855086326599
104,2019-04-10 18:00,2,3,2019-04-11 18:00,0.0,99.98658895492554,2019-04-12 18:00,0.0,99.976646900177
105,2019-04-10 18:30,2,2,2019-04-11 18:30,0.0,99.93774890899658,2019-04-12 18:30,0.0,99.93557333946228
106,2019-04-10 20:30,2,2,2019-04-11 20:30,0.0,99.93774890899658,2019-04-12 20:30,0.0,99.92141127586365
107,2019-04-11 2:30,1,3,2019-04-12 2:30,0.0,99.83408451080322,2019-04-13 2:30,0.0,99.61423873901367
108,2019-04-11 3:00,2,2,2019-04-12 3:00,0.0,99.791818857193,2019-04-13 3:00,0.0,99.63738322257996
109,2019-04-11 8:30,2,3,2019-04-12 8:30,0.0,99.93606805801392,2019-04-13 8:30,0.0,99.87090229988098
110,2019-04-11 9:30,2,2,2019-04-12 9:30,0.0,99.91481900215149,2019-04-13 9:30,0.0,99.91238713264465
111,2019-04-11 11:00,1,3,2019-04-12 11:00,0.0,99.89463090896606,2019-04-13 11:00,0.0,99.7277021408081
112,2019-04-11 11:30,2,2,2019-04-12 11:30,0.0,99.94991421699524,2019-04-13 11:30,0.0,99.95543360710144
113,2019-04-11 14:30,1,2,2019-04-12 14:30,0.0,99.92351531982422,2019-04-13 14:30,0.0,99.85690712928772
114,2019-04-11 15:30,2,1,2019-04-12 15:30,0.0,99.92609024047852,2019-04-13 15:30,0.0,99.93347525596619
115,2019-04-11 20:30,1,3,2019-04-12 20:30,0.0,99.92498755455017,2019-04-13 20:30,0.0,99.81561303138733
116,2019-04-11 20:30,2,2,2019-04-12 20:30,0.0,99.94101524353027,2019-04-13 20:30,0.0,99.95746612548828
117,2019-04-12 3:00,2,1,2019-04-13 3:00,0.0,99.8443067073822,2019-04-14 3:00,0.0,99.82820153236389
118,2019-04-12 7:00,1,2,2019-04-13 7:00,0.0,99.79967474937439,2019-04-14 7:00,0.0,99.8331606388092
119,2019-04-12 14:30,1,2,2019-04-13 14:30,0.0,99.76286292076111,2019-04-14 14:30,0.0,99.93820786476135
120,2019-04-12 22:00,1,1,2019-04-13 22:00,0.0,99.94208216667175,2019-04-14 22:00,0.0,99.96194243431091
121,2019-04-13 2:00,1,3,2019-04-14 2:00,0.0,99.87481832504272,2019-04-15 2:00,0.0,99.75947737693787
122,2019-04-13 5:00,2,3,2019-04-14 5:00,0.0,99.98657703399658,2019-04-15 5:00,0.0,99.97311234474182
123,2019-04-13 7:00,1,3,2019-04-14 7:00,0.0,99.31063652038574,2019-04-15 7:00,0.0,99.72574710845947
124,2019-04-13 7:30,1,1,2019-04-14 7:30,0.0,99.92161393165588,2019-04-15 7:30,0.0,99.96100664138794
125,2019-04-13 11:00,2,2,2019-04-14 11:00,0.0,99.977046251297,2019-04-15 11:00,0.0,99.9661922454834
126,2019-04-13 16:00,1,2,2019-04-14 16:00,0.0,99.81078505516052,2019-04-15 16:00,0.0,99.92344379425049
127,2019-04-13 19:00,2,1,2019-04-14 19:00,0.0,99.97317790985107,2019-04-15 19:00,0.0,99.89032745361328
128,2019-04-13 22:30,1,1,2019-04-14 22:30,0.0,99.9356746673584,2019-04-15 22:30,0.0,99.97221231460571
129,2019-04-14 6:00,1,2,2019-04-15 6:00,0.0,99.9330997467041,2019-04-16 6:00,0.0,99.3213951587677
130,2019-04-14 8:30,2,2,2019-04-15 8:30,0.0,99.95265007019043,2019-04-16 8:30,0.0,99.78171586990356
131,2019-04-14 11:00,1,3,2019-04-15 11:00,0.0,99.88204836845398,2019-04-16 11:00,0.0,99.69260692596436
132,2019-04-14 11:30,1,1,2019-04-15 11:30,0.0,99.9368965625763,2019-04-16 11:30,0.0,99.87775683403015
133,2019-04-14 14:30,1,2,2019-04-15 14:30,0.0,99.64427947998047,2019-04-16 14:30,0.0,99.87640380859375
134,2019-04-14 15:30,1,3,2019-04-15 15:30,0.0,99.81216788291931,2019-04-16 15:30,0.0,99.65704083442688
135,2019-04-14 20:00,2,3,2019-04-15 20:00,0.0,99.9773621559143,2019-04-16 20:00,0.0,99.98419284820557
136,2019-04-15 0:30,2,1,2019-04-16 0:30,0.0,99.97602701187134,2019-04-17 0:30,0.0,99.54988360404968
137,2019-04-15 0:30,2,3,2019-04-16 0:30,0.0,99.989914894104,2019-04-17 0:30,0.0,99.97418522834778
138,2019-04-15 2:30,1,2,2019-04-16 2:30,0.0,99.9347448348999,2019-04-17 2:30,0.0,98.97274374961853
139,2019-04-15 4:00,2,2,2019-04-16 4:00,0.0,99.93394613265991,2019-04-17 4:00,0.0,99.92249011993408
140,2019-04-15 10:00,1,1,2019-04-16 10:00,0.0,99.95264410972595,2019-04-17 10:00,0.0,99.97026324272156
141,2019-04-15 13:00,2,3,2019-04-16 13:00,0.0,99.98242855072021,2019-04-17 13:00,0.0,99.92901682853699
142,2019-04-15 16:00,1,1,2019-04-16 16:00,0.0,99.97218251228333,2019-04-17 16:00,0.0,99.95611310005188
143,2019-04-15 17:00,1,3,2019-04-16 17:00,0.0,99.75321292877197,2019-04-17 17:00,0.0,99.90246891975403
144,2019-04-16 1:30,1,2,2019-04-17 1:30,0.0,99.88415241241455,2019-04-18 1:30,0.0,99.90928173065186
145,2019-04-16 4:00,1,3,2019-04-17 4:00,0.0,99.88048076629639,2019-04-18 4:00,0.0,99.74497556686401
146,2019-04-16 5:00,2,1,2019-04-17 5:00,0.0,99.88394975662231,2019-04-18 5:00,0.0,99.84723329544067
147,2019-04-16 6:30,2,1,2019-04-17 6:30,0.0,99.93712902069092,2019-04-18 6:30,0.0,99.83680248260498
148,2019-04-16 11:00,2,1,2019-04-17 11:00,0.0,99.98210072517395,2019-04-18 11:00,0.0,99.97161030769348
149,2019-04-16 14:00,1,1,2019-04-17 14:00,0.0,99.97321367263794,2019-04-18 14:00,0.0,99.95636343955994
150,2019-04-16 14:30,2,3,2019-04-17 14:30,0.0,99.98242855072021,2019-04-18 14:30,0.0,99.85161423683167
151,2019-04-16 19:30,2,2,2019-04-17 19:30,0.0,99.9712347984314,2019-04-18 19:30,0.0,99.94438886642456
152,2019-04-16 20:30,1,3,2019-04-17 20:30,0.0,99.83684420585632,2019-04-18 20:30,0.0,99.89904165267944
153,2019-04-17 0:00,2,1,2019-04-18 0:00,0.0,99.97947812080383,2019-04-19 0:00,0.0,99.89660978317261
154,2019-04-17 7:00,2,1,2019-04-18 7:00,0.0,99.96429085731506,2019-04-19 7:00,0.0,99.83020424842834
155,2019-04-17 8:30,2,3,2019-04-18 8:30,0.0,99.98242855072021,2019-04-19 8:30,0.0,99.92802739143372
156,2019-04-17 14:00,1,1,2019-04-18 14:00,0.0,99.9601662158966,2019-04-19 14:00,0.0,99.94291067123413
157,2019-04-17 14:30,1,3,2019-04-18 14:30,0.0,99.92712140083313,2019-04-19 14:30,0.0,99.79162216186523
158,2019-04-17 15:00,2,3,2019-04-18 15:00,0.0,99.97589588165283,2019-04-19 15:00,0.0,99.98051524162292
159,2019-04-18 1:30,2,2,2019-04-19 1:30,0.0,99.93774890899658,2019-04-20 1:30,0.0,99.9455213546753
160,2019-04-18 3:00,1,1,2019-04-19 3:00,0.0,99.9280035495758,2019-04-20 3:00,0.0,99.95566010475159
161,2019-04-18 4:30,1,3,2019-04-19 4:30,0.0,99.84755516052246,2019-04-20 4:30,0.0,99.70175623893738
162,2019-04-18 11:30,2,1,2019-04-19 11:30,0.0,99.94606375694275,2019-04-20 11:30,0.0,99.97084140777588
163,2019-04-18 12:00,2,2,2019-04-19 12:00,0.0,99.92744326591492,2019-04-20 12:00,0.0,99.95803833007812
164,2019-04-18 14:00,2,1,2019-04-19 14:00,0.0,99.90072846412659,2019-04-20 14:00,0.0,99.96824264526367
165,2019-04-18 16:30,2,2,2019-04-19 16:30,0.0,99.89935755729675,2019-04-20 16:30,0.0,99.95067715644836
166,2019-04-18 22:00,1,2,2019-04-19 22:00,0.0,99.16726350784302,2019-04-20 22:00,0.0,99.65157508850098
167,2019-04-18 22:00,2,1,2019-04-19 22:00,0.0,99.94423985481262,2019-04-20 22:00,0.0,99.96684789657593
168,2019-04-18 23:00,2,3,2019-04-19 23:00,0.0,99.98599290847778,2019-04-20 23:00,0.0,99.99011158943176
169,2019-04-19 0:30,1,3,2019-04-20 0:30,0.0,98.91203045845032,2019-04-21 0:30,0.0,99.54802393913269
170,2019-04-19 1:30,2,1,2019-04-20 1:30,0.0,99.94324445724487,2019-04-21 1:30,0.0,99.96684789657593
171,2019-04-19 4:30,1,2,2019-04-20 4:30,0.0,99.49710369110107,2019-04-21 4:30,0.0,99.67727065086365
172,2019-04-19 8:30,1,3,2019-04-20 8:30,0.0,98.50234389305115,2019-04-21 8:30,0.0,99.65378046035767
173,2019-04-19 13:30,1,1,2019-04-20 13:30,0.0,99.94885921478271,2019-04-21 13:30,0.0,99.96370077133179
174,2019-04-19 14:30,1,2,2019-04-20 14:30,0.0,99.89475011825562,2019-04-21 14:30,0.0,99.81082081794739
175,2019-04-19 16:30,1,1,2019-04-20 16:30,0.0,99.95908737182617,2019-04-21 16:30,0.0,99.96627569198608
176,2019-04-19 21:00,2,2,2019-04-20 21:00,0.0,99.92706179618835,2019-04-21 21:00,0.0,99.95869994163513
177,2019-04-20 0:00,2,2,2019-04-21 0:00,0.0,99.91393685340881,2019-04-22 0:00,0.0,99.9594509601593
178,2019-04-20 2:30,1,3,2019-04-21 2:30,0.0,99.91061091423035,2019-04-22 2:30,0.0,99.81139302253723
179,2019-04-20 3:00,2,3,2019-04-21 3:00,0.0,99.9854028224945,2019-04-22 3:00,0.0,99.98750686645508
180,2019-04-20 8:30,1,2,2019-04-21 8:30,0.0,99.91741180419922,2019-04-22 8:30,0.0,99.75187182426453
181,2019-04-20 10:30,2,1,2019-04-21 10:30,0.0,99.93112087249756,2019-04-22 10:30,0.0,99.96740818023682
182,2019-04-20 11:30,2,1,2019-04-21 11:30,0.0,99.92857575416565,2019-04-22 11:30,0.0,99.95903372764587
183,2019-04-20 11:30,2,3,2019-04-21 11:30,0.0,99.98044967651367,2019-04-22 11:30,0.0,99.98051524162292
184,2019-04-20 13:00,1,3,2019-04-21 13:00,0.0,99.86156821250916,2019-04-22 13:00,0.0,99.8101532459259
185,2019-04-20 18:00,2,3,2019-04-21 18:00,0.0,99.98632669448853,2019-04-22 18:00,0.0,99.98750686645508
186,2019-04-20 19:30,1,1,2019-04-21 19:30,0.0,99.68422055244446,2019-04-22 19:30,0.0,99.9643087387085
187,2019-04-21 1:00,2,2,2019-04-22 1:00,0.0,99.91419911384583,2019-04-23 1:00,0.0,99.95393753051758
188,2019-04-21 1:30,1,2,2019-04-22 1:30,0.0,99.34961199760437,2019-04-23 1:30,0.0,99.67571496963501
189,2019-04-21 2:30,2,1,2019-04-22 2:30,0.0,99.94410872459412,2019-04-23 2:30,0.0,99.96684789657593
190,2019-04-21 5:30,1,3,2019-04-22 5:30,0.0,98.10816049575806,2019-04-23 5:30,0.0,99.15170073509216
191,2019-04-21 8:30,1,1,2019-04-22 8:30,0.0,99.91320967674255,2019-04-23 8:30,0.0,99.79537725448608
192,2019-04-21 11:00,1,1,2019-04-22 11:00,0.0,99.91793632507324,2019-04-23 11:00,0.0,99.82998967170715
193,2019-04-21 13:30,1,1,2019-04-22 13:30,0.0,99.93896484375,2019-04-23 13:30,0.0,99.92382526397705
194,2019-04-21 13:30,1,3,2019-04-22 13:30,0.0,99.2045521736145,2019-04-23 13:30,0.0,99.51335191726685
195,2019-04-21 18:30,1,1,2019-04-22 18:30,0.0,98.9946722984314,2019-04-23 18:30,0.0,99.93623495101929
196,2019-04-21 20:30,2,1,2019-04-22 20:30,0.0,99.8999297618866,2019-04-23 20:30,0.0,99.91127848625183
197,2019-04-21 23:30,1,2,2019-04-22 23:30,0.0,99.53357577323914,2019-04-23 23:30,0.0,99.78901147842407
198,2019-04-22 0:00,2,1,2019-04-23 0:00,0.0,99.94693994522095,2019-04-24 0:00,0.0,99.93343353271484
199,2019-04-22 1:00,2,3,2019-04-23 1:00,0.0,99.9886691570282,2019-04-24 1:00,0.0,99.99011158943176
200,2019-04-22 7:30,1,3,2019-04-23 7:30,0.0,98.65305423736572,2019-04-24 7:30,0.0,99.74809885025024
201,2019-04-22 7:30,1,1,2019-04-23 7:30,0.0,99.94657039642334,2019-04-24 7:30,0.0,99.85586404800415
202,2019-04-22 8:30,1,1,2019-04-23 8:30,0.0,99.95906352996826,2019-04-24 8:30,0.0,99.96053576469421
203,2019-04-22 12:00,1,2,2019-04-23 12:00,0.0,99.9527633190155,2019-04-24 12:00,0.0,99.90556240081787
204,2019-04-22 13:00,1,2,2019-04-23 13:00,0.0,99.94724988937378,2019-04-24 13:00,0.0,99.86733198165894
205,2019-04-22 14:00,1,3,2019-04-23 14:00,0.0,99.85979795455933,2019-04-24 14:00,0.0,99.6290385723114
206,2019-04-22 15:00,1,1,2019-04-23 15:00,0.0,99.89182353019714,2019-04-24 15:00,0.0,99.95068907737732
207,2019-04-23 2:30,2,1,2019-04-24 2:30,0.0,99.87618923187256,2019-04-25 2:30,0.0,99.93317723274231
208,2019-04-23 3:00,2,3,2019-04-24 3:00,0.0,99.9854028224945,2019-04-25 3:00,0.0,99.98750686645508
209,2019-04-23 4:30,2,2,2019-04-24 4:30,0.0,99.91587996482849,2019-04-25 4:30,0.0,99.9372124671936
210,2019-04-23 7:30,1,1,2019-04-24 7:30,0.0,98.59355092048645,2019-04-25 7:30,0.0,99.61143136024475
211,2019-04-23 9:00,2,3,2019-04-24 9:00,0.0,99.98044967651367,2019-04-25 9:00,0.0,99.98051524162292
212,2019-04-23 9:30,2,2,2019-04-24 9:30,0.0,99.94856715202332,2019-04-25 9:30,0.0,99.8039960861206
213,2019-04-23 17:00,1,2,2019-04-24 17:00,0.0,99.96216297149658,2019-04-25 17:00,0.0,98.34285974502563
214,2019-04-24 1:30,2,3,2019-04-25 1:30,0.0,99.98688101768494,2019-04-26 1:30,0.0,99.98385906219482
215,2019-04-24 1:30,1,1,2019-04-25 1:30,0.0,99.97166991233826,2019-04-26 1:30,0.0,99.9458372592926
216,2019-04-24 4:30,1,2,2019-04-25 4:30,0.0,97.5081205368042,2019-04-26 4:30,0.0,98.68026971817017
217,2019-04-24 6:00,2,3,2019-04-25 6:00,0.0,99.98688101768494,2019-04-26 6:00,0.0,99.98385906219482
218,2019-04-24 10:00,2,1,2019-04-25 10:00,0.0,99.81102347373962,2019-04-26 10:00,0.0,99.7978925704956
219,2019-04-24 16:00,2,1,2019-04-25 16:00,0.0,77.20057368278503,2019-04-26 16:00,0.0,99.21976923942566
220,2019-04-24 20:00,2,2,2019-04-25 20:00,0.0,82.49228596687317,2019-04-26 20:00,0.0,99.24057126045227
221,2019-04-25 0:00,2,2,2019-04-26 0:00,0.0,97.60497808456421,2019-04-27 0:00,0.0,98.77184629440308
222,2019-04-25 0:30,2,1,2019-04-26 0:30,0.0,96.06019258499146,2019-04-27 0:30,0.0,99.82318878173828
223,2019-04-25 1:30,2,1,2019-04-26 1:30,0.0,94.25981640815735,2019-04-27 1:30,0.0,99.68266487121582
224,2019-04-25 5:00,2,2,2019-04-26 5:00,0.0,93.72812509536743,2019-04-27 5:00,0.0,99.778813123703
225,2019-04-25 7:30,1,2,2019-04-26 7:30,0.0,99.93155002593994,2019-04-27 7:30,0.0,95.14455795288086
226,2019-04-25 8:30,2,3,2019-04-26 8:30,0.0,99.98464584350586,2019-04-27 8:30,0.0,99.99011158943176
227,2019-04-25 14:00,2,2,2019-04-26 14:00,0.0,92.24680066108704,2019-04-27 14:00,0.0,99.87854957580566
228,2019-04-25 14:30,2,2,2019-04-26 14:30,0.0,93.02805066108704,2019-04-27 14:30,0.0,99.85167384147644
229,2019-04-25 19:00,2,1,2019-04-26 19:00,0.0,99.44265484809875,2019-04-27 19:00,0.0,99.91127848625183
230,2019-04-25 21:30,2,3,2019-04-26 21:30,0.0,99.9886691570282,2019-04-27 21:30,0.0,99.99011158943176
231,2019-04-25 22:00,1,1,2019-04-26 22:00,0.0,99.75080490112305,2019-04-27 22:00,0.0,68.51775646209717
232,2019-04-26 9:00,2,3,2019-04-27 9:00,0.0,99.98531937599182,2019-04-28 9:00,0.0,99.99011158943176
233,2019-04-26 9:30,2,1,2019-04-27 9:30,0.0,99.91217851638794,2019-04-28 9:30,0.0,99.92796182632446
234,2019-04-26 11:00,1,1,2019-04-27 11:00,0.0,99.95142817497253,2019-04-28 11:00,0.0,99.97233748435974
235,2019-04-26 14:00,2,1,2019-04-27 14:00,0.0,99.9253511428833,2019-04-28 14:00,0.0,99.9468982219696
236,2019-04-26 15:30,1,2,2019-04-27 15:30,0.0,99.83663558959961,2019-04-28 15:30,0.0,99.81195330619812
237,2019-04-26 15:30,2,1,2019-04-27 15:30,0.0,99.95236992835999,2019-04-28 15:30,0.0,99.96233582496643
238,2019-04-26 20:00,1,3,2019-04-27 20:00,0.0,99.85690116882324,2019-04-28 20:00,0.0,99.79926943778992
239,2019-04-26 22:00,2,2,2019-04-27 22:00,0.0,99.93774890899658,2019-04-28 22:00,0.0,99.95284676551819
240,2019-04-27 1:00,2,2,2019-04-28 1:00,0.0,99.92819428443909,2019-04-29 1:00,0.0,99.95679259300232
241,2019-04-27 2:00,1,3,2019-04-28 2:00,0.0,99.81427192687988,2019-04-29 2:00,0.0,99.71035122871399
242,2019-04-27 3:30,2,1,2019-04-28 3:30,0.0,99.87698197364807,2019-04-29 3:30,0.0,99.94192123413086
243,2019-04-27 4:00,1,1,2019-04-28 4:00,0.0,99.93898868560791,2019-04-29 4:00,0.0,99.96883869171143
244,2019-04-27 7:00,2,1,2019-04-28 7:00,0.0,99.90882873535156,2019-04-29 7:00,0.0,99.9067485332489
245,2019-04-27 9:30,1,2,2019-04-28 9:30,0.0,99.94050860404968,2019-04-29 9:30,0.0,99.94296431541443
246,2019-04-27 12:00,2,1,2019-04-28 12:00,0.0,99.95460510253906,2019-04-29 12:00,0.0,99.97285604476929
247,2019-04-27 18:00,2,1,2019-04-28 18:00,0.0,99.97273683547974,2019-04-29 18:00,0.0,99.91257786750793
248,2019-04-27 21:30,1,2,2019-04-28 21:30,0.0,99.87421035766602,2019-04-29 21:30,0.0,99.81902837753296
249,2019-04-27 22:30,2,3,2019-04-28 22:30,0.0,99.98173117637634,2019-04-29 22:30,0.0,99.98869299888611
250,2019-04-27 23:00,2,1,2019-04-28 23:00,0.0,99.90304112434387,2019-04-29 23:00,0.0,99.94198679924011
251,2019-04-28 0:30,2,3,2019-04-29 0:30,0.0,99.98819231987,2019-04-30 0:30,0.0,99.98750686645508
252,2019-04-28 5:30,2,2,2019-04-29 5:30,0.0,99.9392032623291,2019-04-30 5:30,0.0,99.95679259300232
253,2019-04-28 6:00,1,1,2019-04-29 6:00,0.0,99.94511604309082,2019-04-30 6:00,0.0,99.97819066047668
254,2019-04-28 7:00,1,3,2019-04-29 7:00,0.0,99.86121654510498,2019-04-30 7:00,0.0,99.76868629455566
255,2019-04-28 8:00,1,2,2019-04-29 8:00,0.0,99.86804127693176,2019-04-30 8:00,0.0,99.90350604057312
256,2019-04-28 8:30,2,1,2019-04-29 8:30,0.0,99.88014101982117,2019-04-30 8:30,0.0,99.9497652053833
257,2019-04-28 8:30,2,3,2019-04-29 8:30,0.0,99.98173117637634,2019-04-30 8:30,0.0,99.98869299888611
258,2019-04-28 9:30,2,3,2019-04-29 9:30,0.0,99.97649788856506,2019-04-30 9:30,0.0,99.98869299888611
259,2019-04-28 14:30,2,1,2019-04-29 14:30,0.0,99.93626475334167,2019-04-30 14:30,0.0,99.95545744895935
260,2019-04-28 15:00,2,1,2019-04-29 15:00,0.0,99.93072152137756,2019-04-30 15:00,0.0,99.95608925819397
261,2019-04-28 16:00,2,2,2019-04-29 16:00,0.0,99.92863535881042,2019-04-30 16:00,0.0,99.93781447410583
262,2019-04-28 23:30,2,3,2019-04-29 23:30,0.0,99.98694658279419,2019-04-30 23:30,0.0,99.98486638069153
263,2019-04-29 0:30,1,3,2019-04-30 0:30,0.0,99.91837739944458,2019-05-01 0:30,0.0,99.74244832992554
264,2019-04-29 6:00,1,2,2019-04-30 6:00,0.0,99.83704090118408,2019-05-01 6:00,0.0,99.87590909004211
265,2019-04-29 10:30,1,1,2019-04-30 10:30,0.0,99.94527101516724,2019-05-01 10:30,0.0,99.97026920318604
266,2019-04-29 12:30,2,3,2019-04-30 12:30,0.0,99.97478723526001,2019-05-01 12:30,0.0,99.98869299888611
267,2019-04-29 13:00,2,3,2019-04-30 13:00,0.0,99.97478723526001,2019-05-01 13:00,0.0,99.98747706413269
268,2019-04-29 15:30,2,1,2019-04-30 15:30,0.0,99.87112283706665,2019-05-01 15:30,0.0,99.9563455581665
269,2019-04-29 15:30,2,2,2019-04-30 15:30,0.0,99.90296363830566,2019-05-01 15:30,0.0,99.95869994163513
270,2019-04-29 17:30,1,2,2019-04-30 17:30,0.0,99.61600303649902,2019-05-01 17:30,0.0,99.78974461555481
271,2019-04-29 22:00,2,2,2019-04-30 22:00,0.0,99.92145299911499,2019-05-01 22:00,0.0,99.86663460731506
272,2019-04-30 0:00,2,2,2019-05-01 0:00,0.0,99.93360042572021,2019-05-02 0:00,0.0,99.95235800743103
273,2019-04-30 3:00,2,2,2019-05-01 3:00,0.0,99.8993456363678,2019-05-02 3:00,0.0,99.46486353874207
274,2019-04-30 3:30,1,2,2019-05-01 3:30,0.0,99.83561635017395,2019-05-02 3:30,0.0,99.67144131660461
275,2019-04-30 5:00,2,3,2019-05-01 5:00,0.0,99.9886691570282,2019-05-02 5:00,0.0,99.98798966407776
276,2019-04-30 6:30,1,3,2019-05-01 6:30,0.0,99.58740472793579,2019-05-02 6:30,0.0,99.26618337631226
277,2019-04-30 8:00,1,1,2019-05-01 8:00,0.0,99.94437098503113,2019-05-02 8:00,0.0,99.9696135520935
278,2019-04-30 14:00,1,1,2019-05-01 14:00,0.0,99.95400905609131,2019-05-02 14:00,0.0,99.96801614761353
279,2019-04-30 22:00,2,3,2019-05-01 22:00,0.0,99.98657703399658,2019-05-02 22:00,0.0,99.98869299888611
280,2019-04-30 23:30,1,1,2019-05-01 23:30,0.0,99.81554746627808,2019-05-02 23:30,0.0,99.96342062950134
281,2019-05-01 2:30,1,1,2019-05-02 2:30,0.0,99.828040599823,2019-05-03 2:30,0.0,99.96339678764343
282,2019-05-01 3:00,2,2,2019-05-02 3:00,0.0,99.93755221366882,2019-05-03 3:00,0.0,99.95132684707642
283,2019-05-01 8:30,1,1,2019-05-02 8:30,0.0,99.93668794631958,2019-05-03 8:30,0.0,99.95785355567932
284,2019-05-01 9:00,1,1,2019-05-02 9:00,0.0,99.95908737182617,2019-05-03 9:00,0.0,99.94152784347534
285,2019-05-01 12:00,2,3,2019-05-02 12:00,0.0,99.98044967651367,2019-05-03 12:00,0.0,99.98051524162292
286,2019-05-01 12:30,2,1,2019-05-02 12:30,0.0,99.9329924583435,2019-05-03 12:30,0.0,99.96325969696045
287,2019-05-01 20:30,2,1,2019-05-02 20:30,0.0,99.90829229354858,2019-05-03 20:30,0.0,99.95455145835876
288,2019-05-01 21:00,1,3,2019-05-02 21:00,0.0,99.92915391921997,2019-05-03 21:00,0.0,99.76261258125305
289,2019-05-01 23:30,1,2,2019-05-02 23:30,0.0,99.94010925292969,2019-05-03 23:30,0.0,99.81914758682251
290,2019-05-02 0:30,1,3,2019-05-03 0:30,0.0,99.95110630989075,2019-05-04 0:30,0.0,99.81778264045715
291,2019-05-02 1:30,1,2,2019-05-03 1:30,0.0,99.94350075721741,2019-05-04 1:30,0.0,99.79059100151062
292,2019-05-02 4:00,1,1,2019-05-03 4:00,0.0,99.90299940109253,2019-05-04 4:00,0.0,99.91993308067322
293,2019-05-02 4:30,1,3,2019-05-03 4:30,0.0,99.90588426589966,2019-05-04 4:30,0.0,99.77052807807922
294,2019-05-02 11:00,1,2,2019-05-03 11:00,0.0,99.92889165878296,2019-05-04 11:00,0.0,99.94165301322937
295,2019-05-02 12:00,2,3,2019-05-03 12:00,0.0,99.98242855072021,2019-05-04 12:00,0.0,99.96158480644226
296,2019-05-02 12:30,1,2,2019-05-03 12:30,0.0,99.78513717651367,2019-05-04 12:30,0.0,99.93671178817749
297,2019-05-02 18:30,1,3,2019-05-03 18:30,0.0,99.96209740638733,2019-05-04 18:30,0.0,99.44043755531311
298,2019-05-02 19:30,1,1,2019-05-03 19:30,0.0,99.97696280479431,2019-05-04 19:30,0.0,99.96787905693054
299,2019-05-03 0:30,2,1,2019-05-04 0:30,0.0,99.97761249542236,2019-05-05 0:30,0.0,99.90601539611816
300,2019-05-03 3:00,1,2,2019-05-04 3:00,0.0,99.89107251167297,2019-05-05 3:00,0.0,99.89128112792969
301,2019-05-03 5:00,2,1,2019-05-04 5:00,0.0,99.91204142570496,2019-05-05 5:00,0.0,99.92572665214539
302,2019-05-03 9:00,1,3,2019-05-04 9:00,0.0,99.86388087272644,2019-05-05 9:00,0.0,99.8791754245758
303,2019-05-03 10:00,2,3,2019-05-04 10:00,0.0,99.97608065605164,2019-05-05 10:00,0.0,99.96429681777954
304,2019-05-03 12:30,2,1,2019-05-04 12:30,0.0,99.98188614845276,2019-05-05 12:30,0.0,99.97546076774597
305,2019-05-03 13:30,2,1,2019-05-04 13:30,0.0,99.96261596679688,2019-05-05 13:30,0.0,99.95508790016174
306,2019-05-03 14:30,2,2,2019-05-04 14:30,0.0,99.9528706073761,2019-05-05 14:30,0.0,99.94282722473145
307,2019-05-03 15:30,1,2,2019-05-04 15:30,0.0,99.76543188095093,2019-05-05 15:30,0.0,99.78684186935425
308,2019-05-04 1:30,2,2,2019-05-05 1:30,0.0,99.92539286613464,2019-05-06 1:30,0.0,99.94454979896545
309,2019-05-04 3:30,2,3,2019-05-05 3:30,0.0,99.9854028224945,2019-05-06 3:30,0.0,99.98750686645508
310,2019-05-04 8:30,2,1,2019-05-05 8:30,0.0,99.96970891952515,2019-05-06 8:30,0.0,99.97157454490662
311,2019-05-04 10:30,2,1,2019-05-05 10:30,0.0,99.97922778129578,2019-05-06 10:30,0.0,99.97743964195251
312,2019-05-04 11:30,1,1,2019-05-05 11:30,0.0,99.9759316444397,2019-05-06 11:30,0.0,99.95410442352295
313,2019-05-04 17:00,1,2,2019-05-05 17:00,0.0,99.91626739501953,2019-05-06 17:00,0.0,99.41319823265076
314,2019-05-05 1:30,2,3,2019-05-06 1:30,0.0,99.97912645339966,2019-05-07 1:30,0.0,99.98750686645508
315,2019-05-05 2:30,2,3,2019-05-06 2:30,0.0,99.97649788856506,2019-05-07 2:30,0.0,99.98810887336731
316,2019-05-05 5:30,2,1,2019-05-06 5:30,0.0,99.88266825675964,2019-05-07 5:30,0.0,99.90987777709961
317,2019-05-05 8:00,2,1,2019-05-06 8:00,0.0,99.93734359741211,2019-05-07 8:00,0.0,99.97007250785828
318,2019-05-05 11:00,2,1,2019-05-06 11:00,0.0,99.97146725654602,2019-05-07 11:00,0.0,99.9772846698761
319,2019-05-05 11:30,1,1,2019-05-06 11:30,0.0,99.98205304145813,2019-05-07 11:30,0.0,99.97870326042175
320,2019-05-05 12:00,2,1,2019-05-06 12:00,0.0,99.97520446777344,2019-05-07 12:00,0.0,99.97161030769348
321,2019-05-05 13:00,2,2,2019-05-06 13:00,0.0,99.95850920677185,2019-05-07 13:00,0.0,99.9390184879303
322,2019-05-05 20:00,1,3,2019-05-06 20:00,0.0,99.95979070663452,2019-05-07 20:00,0.0,99.95598793029785
323,2019-05-05 21:30,2,3,2019-05-06 21:30,0.0,99.98512864112854,2019-05-07 21:30,0.0,99.99080300331116
324,2019-05-06 3:00,2,2,2019-05-07 3:00,0.0,99.80295300483704,2019-05-08 3:00,0.0,99.89014267921448
325,2019-05-06 5:00,1,1,2019-05-07 5:00,0.0,99.9719500541687,2019-05-08 5:00,0.0,99.94988441467285
326,2019-05-06 5:00,1,2,2019-05-07 5:00,0.0,99.94825720787048,2019-05-08 5:00,0.0,89.70683813095093
327,2019-05-06 5:30,2,2,2019-05-07 5:30,0.0,99.91795420646667,2019-05-08 5:30,0.0,99.75224137306213
328,2019-05-06 6:00,2,2,2019-05-07 6:00,0.0,99.95760321617126,2019-05-08 6:00,0.0,99.8614490032196
329,2019-05-06 9:00,2,1,2019-05-07 9:00,0.0,99.97180104255676,2019-05-08 9:00,0.0,99.95597004890442
330,2019-05-06 10:00,2,2,2019-05-07 10:00,0.0,99.95819926261902,2019-05-08 10:00,0.0,99.94171857833862
331,2019-05-06 10:30,2,3,2019-05-07 10:30,0.0,99.98242855072021,2019-05-08 10:30,0.0,99.85161423683167
332,2019-05-06 15:30,1,3,2019-05-07 15:30,0.0,99.95744228363037,2019-05-08 15:30,0.0,99.55573678016663
333,2019-05-06 16:30,2,1,2019-05-07 16:30,0.0,99.96504187583923,2019-05-08 16:30,0.0,99.95366930961609
334,2019-05-06 19:30,1,3,2019-05-07 19:30,0.0,99.96457099914551,2019-05-08 19:30,0.0,99.69596862792969
335,2019-05-06 21:00,2,2,2019-05-07 21:00,0.0,99.77911710739136,2019-05-08 21:00,0.0,99.88294839859009
336,2019-05-06 23:30,2,2,2019-05-07 23:30,0.0,99.76562857627869,2019-05-08 23:30,0.0,99.95658993721008
337,2019-05-07 0:00,1,3,2019-05-08 0:00,0.0,99.94944334030151,2019-05-09 0:00,0.0,99.15162920951843
338,2019-05-07 1:30,1,1,2019-05-08 1:30,0.0,99.90711808204651,2019-05-09 1:30,0.0,99.7713565826416
339,2019-05-07 4:00,2,2,2019-05-08 4:00,0.0,99.89337921142578,2019-05-09 4:00,0.0,99.95658993721008
340,2019-05-07 4:30,2,3,2019-05-08 4:30,0.0,99.98657703399658,2019-05-09 4:30,0.0,99.98810887336731
341,2019-05-07 6:30,1,3,2019-05-08 6:30,0.0,99.91117119789124,2019-05-09 6:30,0.0,99.81064796447754
342,2019-05-07 6:30,1,2,2019-05-08 6:30,0.0,99.8695969581604,2019-05-09 6:30,0.0,99.8989999294281
343,2019-05-07 7:00,2,1,2019-05-08 7:00,0.0,99.80261325836182,2019-05-09 7:00,0.0,99.94873404502869
344,2019-05-07 12:30,1,2,2019-05-08 12:30,0.0,99.89461302757263,2019-05-09 12:30,0.0,99.80566501617432
345,2019-05-07 14:00,1,3,2019-05-08 14:00,0.0,99.91035461425781,2019-05-09 14:00,0.0,99.7715711593628
346,2019-05-07 21:30,1,3,2019-05-08 21:30,0.0,99.95191097259521,2019-05-09 21:30,0.0,97.92584180831909
347,2019-05-08 0:00,2,3,2019-05-09 0:00,0.0,99.989914894104,2019-05-10 0:00,0.0,99.98568296432495
348,2019-05-08 1:30,2,2,2019-05-09 1:30,0.0,99.93876218795776,2019-05-10 1:30,0.0,99.95850920677185
349,2019-05-08 2:00,1,2,2019-05-09 2:00,0.0,99.9139130115509,2019-05-10 2:00,0.0,99.81722831726074
350,2019-05-08 8:00,1,2,2019-05-09 8:00,0.0,99.94016885757446,2019-05-10 8:00,0.0,99.91541504859924
351,2019-05-08 8:30,1,3,2019-05-09 8:30,0.0,99.8745858669281,2019-05-10 8:30,0.0,99.86027479171753
352,2019-05-08 8:30,1,1,2019-05-09 8:30,0.0,99.88192319869995,2019-05-10 8:30,0.0,99.93246793746948
353,2019-05-08 10:30,1,1,2019-05-09 10:30,0.0,99.93079900741577,2019-05-10 10:30,0.0,99.95841383934021
354,2019-05-08 13:00,1,1,2019-05-09 13:00,0.0,99.98276829719543,2019-05-10 13:00,0.0,99.96949434280396
355,2019-05-08 14:00,1,3,2019-05-09 14:00,0.0,99.97917413711548,2019-05-10 14:00,0.0,99.80815052986145
356,2019-05-08 15:00,1,2,2019-05-09 15:00,0.0,99.93101954460144,2019-05-10 15:00,0.0,99.90748763084412
357,2019-05-08 19:00,2,2,2019-05-09 19:00,0.0,99.71964955329895,2019-05-10 19:00,0.0,99.93723034858704
358,2019-05-08 23:30,2,3,2019-05-09 23:30,0.0,99.98156428337097,2019-05-10 23:30,0.0,99.98750686645508
359,2019-05-09 2:30,2,1,2019-05-10 2:30,0.0,98.71498942375183,2019-05-11 2:30,0.0,99.95777606964111
360,2019-05-09 3:30,1,1,2019-05-10 3:30,0.0,99.8708188533783,2019-05-11 3:30,0.0,99.80157613754272
361,2019-05-09 4:30,2,2,2019-05-10 4:30,0.0,99.06226992607117,2019-05-11 4:30,0.0,99.94054436683655
362,2019-05-09 5:30,2,2,2019-05-10 5:30,0.0,99.93774890899658,2019-05-11 5:30,0.0,99.94054436683655
363,2019-05-09 8:00,2,1,2019-05-10 8:00,0.0,99.9784529209137,2019-05-11 8:00,0.0,99.96234178543091
364,2019-05-09 9:30,2,1,2019-05-10 9:30,0.0,99.97119307518005,2019-05-11 9:30,0.0,99.9772846698761
365,2019-05-09 11:30,1,1,2019-05-10 11:30,0.0,99.978768825531,2019-05-11 11:30,0.0,99.97212290763855
366,2019-05-09 12:00,1,2,2019-05-10 12:00,0.0,99.93710517883301,2019-05-11 12:00,0.0,99.90185499191284
367,2019-05-09 15:30,2,2,2019-05-10 15:30,0.0,99.95819926261902,2019-05-11 15:30,0.0,99.93841648101807
368,2019-05-09 18:00,2,1,2019-05-10 18:00,0.0,99.95971322059631,2019-05-11 18:00,0.0,99.94637370109558
369,2019-05-09 18:30,1,1,2019-05-10 18:30,0.0,99.97050762176514,2019-05-11 18:30,0.0,99.97803568840027
370,2019-05-10 0:00,2,3,2019-05-11 0:00,0.0,99.98657703399658,2019-05-12 0:00,0.0,99.98869299888611
371,2019-05-10 1:00,1,2,2019-05-11 1:00,0.0,99.85979199409485,2019-05-12 1:00,0.0,98.04303050041199
372,2019-05-10 2:30,2,3,2019-05-11 2:30,0.0,99.97981190681458,2019-05-12 2:30,0.0,99.98486638069153
373,2019-05-10 5:00,1,2,2019-05-11 5:00,0.0,99.84161257743835,2019-05-12 5:00,0.0,99.73446726799011
374,2019-05-10 7:00,2,3,2019-05-11 7:00,0.0,99.98819231987,2019-05-12 7:00,0.0,99.98750686645508
375,2019-05-10 9:30,2,2,2019-05-11 9:30,0.0,99.96193647384644,2019-05-12 9:30,0.0,99.95377659797668
376,2019-05-10 12:30,2,3,2019-05-11 12:30,0.0,99.98242855072021,2019-05-12 12:30,0.0,99.96158480644226
377,2019-05-10 13:00,2,3,2019-05-11 13:00,0.0,99.98242855072021,2019-05-12 13:00,0.0,99.96158480644226
378,2019-05-10 14:00,2,1,2019-05-11 14:00,0.0,99.92188215255737,2019-05-12 14:00,0.0,99.9371886253357
379,2019-05-10 15:00,2,2,2019-05-11 15:00,0.0,99.7938334941864,2019-05-12 15:00,0.0,99.89798069000244
380,2019-05-10 17:30,2,3,2019-05-11 17:30,0.0,99.98559951782227,2019-05-12 17:30,0.0,99.99080300331116
381,2019-05-10 23:30,1,3,2019-05-11 23:30,0.0,99.94142055511475,2019-05-12 23:30,0.0,99.3291437625885
382,2019-05-11 0:00,1,3,2019-05-12 0:00,0.0,99.90390539169312,2019-05-13 0:00,0.0,99.38138127326965
383,2019-05-11 1:00,2,1,2019-05-12 1:00,0.0,99.27778244018555,2019-05-13 1:00,0.0,99.94155764579773
384,2019-05-11 5:00,1,2,2019-05-12 5:00,0.0,99.74272847175598,2019-05-13 5:00,0.0,99.40717220306396
385,2019-05-11 6:30,2,3,2019-05-12 6:30,0.0,99.98173117637634,2019-05-13 6:30,0.0,99.98750686645508
386,2019-05-11 6:30,1,1,2019-05-12 6:30,0.0,99.89588260650635,2019-05-13 6:30,0.0,99.81242418289185
387,2019-05-11 15:00,1,2,2019-05-12 15:00,0.0,99.81217384338379,2019-05-13 15:00,0.0,99.78458285331726
388,2019-05-11 17:00,1,1,2019-05-12 17:00,0.0,99.97973442077637,2019-05-13 17:00,0.0,99.96806383132935
389,2019-05-11 18:00,2,2,2019-05-12 18:00,0.0,99.96075630187988,2019-05-13 18:00,0.0,99.92361068725586
390,2019-05-11 20:30,1,2,2019-05-12 20:30,0.0,99.96123313903809,2019-05-13 20:30,0.0,99.75717067718506
391,2019-05-11 23:00,1,1,2019-05-12 23:00,0.0,99.97576475143433,2019-05-13 23:00,0.0,99.97298121452332
392,2019-05-12 4:30,1,3,2019-05-13 4:30,0.0,99.89809393882751,2019-05-14 4:30,0.0,99.29888248443604
393,2019-05-12 5:00,1,3,2019-05-13 5:00,0.0,99.85827803611755,2019-05-14 5:00,0.0,98.97979497909546
394,2019-05-12 5:00,2,2,2019-05-13 5:00,0.0,99.78693723678589,2019-05-14 5:00,0.0,99.89209175109863
395,2019-05-12 5:30,2,1,2019-05-13 5:30,0.0,99.67084527015686,2019-05-14 5:30,0.0,99.94645714759827
396,2019-05-12 17:30,1,3,2019-05-13 17:30,0.0,99.95454549789429,2019-05-14 17:30,0.0,99.66718554496765
397,2019-05-12 23:30,2,2,2019-05-13 23:30,0.0,99.9818503856659,2019-05-14 23:30,0.0,99.7755229473114
398,2019-05-13 0:00,1,1,2019-05-14 0:00,0.0,99.96470212936401,2019-05-15 0:00,0.0,99.97803568840027
399,2019-05-13 1:30,2,1,2019-05-14 1:30,0.0,99.96366500854492,2019-05-15 1:30,0.0,99.6356725692749
400,2019-05-13 1:30,1,3,2019-05-14 1:30,0.0,99.95958209037781,2019-05-15 1:30,0.0,99.95835423469543
401,2019-05-13 4:00,1,1,2019-05-14 4:00,0.0,99.96998310089111,2019-05-15 4:00,0.0,99.98095035552979
402,2019-05-13 7:00,1,3,2019-05-14 7:00,0.0,99.95287656784058,2019-05-15 7:00,0.0,99.92879629135132
403,2019-05-13 9:00,2,1,2019-05-14 9:00,0.0,99.92530941963196,2019-05-15 9:00,0.0,99.47540760040283
404,2019-05-13 22:00,2,1,2019-05-14 22:00,0.0,99.95508193969727,2019-05-15 22:00,0.0,93.75196695327759
405,2019-05-13 23:00,2,1,2019-05-14 23:00,0.0,97.10699319839478,2019-05-15 23:00,0.0,95.65325379371643
406,2019-05-13 23:30,2,2,2019-05-14 23:30,0.0,99.98064041137695,2019-05-15 23:30,0.0,99.15685057640076
407,2019-05-13 23:30,1,2,2019-05-14 23:30,0.0,99.92379546165466,2019-05-15 23:30,0.0,99.90214705467224
408,2019-05-14 2:00,2,1,2019-05-15 2:00,0.0,98.37666153907776,2019-05-16 2:00,0.0,63.79103064537048
409,2019-05-14 3:30,1,3,2019-05-15 3:30,0.0,99.94223713874817,2019-05-16 3:30,0.0,99.8192548751831
410,2019-05-14 5:30,2,2,2019-05-15 5:30,0.0,99.97848272323608,2019-05-16 5:30,0.0,99.29199814796448
411,2019-05-14 9:30,1,3,2019-05-15 9:30,0.0,99.97732043266296,2019-05-16 9:30,0.0,99.96020793914795
412,2019-05-14 10:00,2,1,2019-05-15 10:00,0.0,99.88815784454346,2019-05-16 10:00,0.0,99.94209408760071
413,2019-05-14 12:30,2,3,2019-05-15 12:30,0.0,99.9732255935669,2019-05-16 12:30,0.0,99.99023079872131
414,2019-05-14 16:00,1,1,2019-05-15 16:00,0.0,99.98047351837158,2019-05-16 16:00,0.0,99.98762607574463
415,2019-05-14 22:30,2,1,2019-05-15 22:30,0.0,99.94205236434937,2019-05-16 22:30,0.0,99.9575138092041
416,2019-05-15 1:00,2,3,2019-05-16 1:00,0.0,99.98447299003601,2019-05-17 1:00,0.0,99.9890923500061
417,2019-05-15 5:30,1,1,2019-05-16 5:30,0.0,99.96901154518127,2019-05-17 5:30,0.0,99.92754459381104
418,2019-05-15 10:00,2,2,2019-05-16 10:00,0.0,99.98406171798706,2019-05-17 10:00,0.0,99.968820810318
419,2019-05-15 10:00,2,1,2019-05-16 10:00,0.0,99.98637437820435,2019-05-17 10:00,0.0,99.98368620872498
420,2019-05-15 11:30,1,3,2019-05-16 11:30,0.0,99.97181296348572,2019-05-17 11:30,0.0,99.97689723968506
421,2019-05-15 12:30,2,1,2019-05-16 12:30,0.0,99.98680353164673,2019-05-17 12:30,0.0,99.98454451560974
422,2019-05-15 13:30,2,3,2019-05-16 13:30,0.0,99.97242093086243,2019-05-17 13:30,0.0,99.99080300331116
423,2019-05-15 13:30,1,3,2019-05-16 13:30,0.0,99.9800980091095,2019-05-17 13:30,0.0,99.97738599777222
424,2019-05-15 14:00,1,3,2019-05-16 14:00,0.0,99.9800980091095,2019-05-17 14:00,0.0,99.97738599777222
425,2019-05-15 15:30,2,3,2019-05-16 15:30,0.0,99.97589588165283,2019-05-17 15:30,0.0,99.99080300331116
426,2019-05-15 16:30,1,2,2019-05-16 16:30,0.0,99.95503425598145,2019-05-17 16:30,0.0,99.96651411056519
427,2019-05-15 20:30,1,3,2019-05-16 20:30,0.0,99.90373849868774,2019-05-17 20:30,0.0,99.91307854652405
428,2019-05-15 21:30,1,2,2019-05-16 21:30,0.0,99.96245503425598,2019-05-17 21:30,0.0,99.95628595352173
429,2019-05-15 21:30,2,1,2019-05-16 21:30,0.0,99.96412396430969,2019-05-17 21:30,0.0,99.9606192111969
430,2019-05-15 23:00,2,2,2019-05-16 23:00,0.0,99.98064041137695,2019-05-17 23:00,0.0,99.95988607406616
431,2019-05-16 6:00,1,2,2019-05-17 6:00,0.0,99.91865754127502,2019-05-18 6:00,0.0,99.93849396705627
432,2019-05-16 9:30,1,1,2019-05-17 9:30,0.0,99.97900128364563,2019-05-18 9:30,0.0,99.95583295822144
433,2019-05-16 15:30,2,2,2019-05-17 15:30,0.0,99.98497366905212,2019-05-18 15:30,0.0,99.98722672462463
434,2019-05-16 23:00,1,3,2019-05-17 23:00,0.0,99.96417164802551,2019-05-18 23:00,0.0,99.96889233589172
435,2019-05-17 0:00,1,3,2019-05-18 0:00,0.0,99.94937181472778,2019-05-19 0:00,0.0,99.95014071464539
436,2019-05-17 0:00,2,3,2019-05-18 0:00,0.0,99.9900221824646,2019-05-19 0:00,0.0,99.99032616615295
437,2019-05-17 0:30,1,1,2019-05-18 0:30,0.0,99.97342824935913,2019-05-19 0:30,0.0,99.98107552528381
438,2019-05-17 1:30,2,2,2019-05-18 1:30,0.0,99.98064041137695,2019-05-19 1:30,0.0,99.9607801437378
439,2019-05-17 2:00,2,3,2019-05-18 2:00,0.0,99.9900221824646,2019-05-19 2:00,0.0,99.9898374080658
440,2019-05-17 3:30,2,3,2019-05-18 3:30,0.0,99.9900221824646,2019-05-19 3:30,0.0,99.9890923500061
441,2019-05-17 5:00,2,3,2019-05-18 5:00,0.0,99.9832272529602,2019-05-19 5:00,0.0,99.9890923500061
442,2019-05-17 9:30,2,1,2019-05-18 9:30,0.0,99.98680353164673,2019-05-19 9:30,0.0,99.98368620872498
443,2019-05-17 12:00,2,1,2019-05-18 12:00,0.0,99.98491406440735,2019-05-19 12:00,0.0,99.98343586921692
444,2019-05-17 13:00,1,1,2019-05-18 13:00,0.0,99.98802542686462,2019-05-19 13:00,0.0,99.98762607574463
445,2019-05-17 13:00,1,3,2019-05-18 13:00,0.0,99.97033476829529,2019-05-19 13:00,0.0,99.97214674949646
446,2019-05-17 13:30,2,1,2019-05-18 13:30,0.0,99.9857485294342,2019-05-19 13:30,0.0,99.98315572738647
447,2019-05-17 16:00,1,2,2019-05-18 16:00,0.0,99.954354763031,2019-05-19 16:00,0.0,99.9512791633606
448,2019-05-17 23:30,2,2,2019-05-18 23:30,0.0,99.97921586036682,2019-05-19 23:30,0.0,99.96405839920044
449,2019-05-17 23:30,2,1,2019-05-18 23:30,0.0,99.9037504196167,2019-05-19 23:30,0.0,99.9132513999939
450,2019-05-17 23:30,1,2,2019-05-18 23:30,0.0,99.94260668754578,2019-05-19 23:30,0.0,99.86914992332458
451,2019-05-18 7:30,1,1,2019-05-19 7:30,0.0,99.97342824935913,2019-05-20 7:30,0.0,99.9354898929596
452,2019-05-18 9:30,1,1,2019-05-19 9:30,0.0,99.9724805355072,2019-05-20 9:30,0.0,99.93033409118652
453,2019-05-18 16:30,1,2,2019-05-19 16:30,0.0,99.93011951446533,2019-05-20 16:30,0.0,99.95264410972595
454,2019-05-18 21:00,2,1,2019-05-19 21:00,0.0,99.91827607154846,2019-05-20 21:00,0.0,99.95921850204468
455,2019-05-19 2:00,1,2,2019-05-20 2:00,0.0,99.96013641357422,2019-05-21 2:00,0.0,99.71418976783752
456,2019-05-19 3:00,2,2,2019-05-20 3:00,0.0,99.97978210449219,2019-05-21 3:00,0.0,99.9645471572876
457,2019-05-19 3:30,1,3,2019-05-20 3:30,0.0,99.94224905967712,2019-05-21 3:30,0.0,99.88484978675842
458,2019-05-19 6:30,1,1,2019-05-20 6:30,0.0,99.97342824935913,2019-05-21 6:30,0.0,99.91500973701477
459,2019-05-19 10:30,1,3,2019-05-20 10:30,0.0,99.79999661445618,2019-05-21 10:30,0.0,99.79036450386047
460,2019-05-19 14:00,2,3,2019-05-20 14:00,0.0,99.9900221824646,2019-05-21 14:00,0.0,99.98481273651123
461,2019-05-19 15:00,1,2,2019-05-20 15:00,0.0,99.92308616638184,2019-05-21 15:00,0.0,99.91968274116516
462,2019-05-19 16:30,1,3,2019-05-20 16:30,0.0,99.68708753585815,2019-05-21 16:30,0.0,99.85723495483398
463,2019-05-19 16:30,2,3,2019-05-20 16:30,0.0,99.9900221824646,2019-05-21 16:30,0.0,99.98481273651123
464,2019-05-20 0:30,1,3,2019-05-21 0:30,0.0,99.77976083755493,2019-05-22 0:30,0.0,99.927419424057
465,2019-05-20 2:30,2,3,2019-05-21 2:30,0.0,99.9900221824646,2019-05-22 2:30,0.0,99.98481273651123
466,2019-05-20 3:30,1,2,2019-05-21 3:30,0.0,99.91534352302551,2019-05-22 3:30,0.0,99.89460706710815
467,2019-05-20 10:30,2,3,2019-05-21 10:30,0.0,99.9900221824646,2019-05-22 10:30,0.0,99.99023079872131
468,2019-05-20 11:00,1,1,2019-05-21 11:00,0.0,99.97317790985107,2019-05-22 11:00,0.0,99.97698664665222
469,2019-05-20 11:00,2,2,2019-05-21 11:00,0.0,99.98538494110107,2019-05-22 11:00,0.0,99.96507167816162
470,2019-05-20 12:00,2,1,2019-05-21 12:00,0.0,99.97726678848267,2019-05-22 12:00,0.0,99.96564984321594
471,2019-05-20 15:30,2,2,2019-05-21 15:30,0.0,99.98695254325867,2019-05-22 15:30,0.0,99.96683597564697
472,2019-05-20 18:00,2,2,2019-05-21 18:00,0.0,99.98272657394409,2019-05-22 18:00,0.0,99.9589741230011
473,2019-05-20 18:00,1,1,2019-05-21 18:00,0.0,99.96679425239563,2019-05-22 18:00,0.0,99.97327327728271
474,2019-05-20 21:30,1,1,2019-05-21 21:30,0.0,99.97022151947021,2019-05-22 21:30,0.0,99.9773383140564
475,2019-05-20 22:00,2,2,2019-05-21 22:00,0.0,99.9789297580719,2019-05-22 22:00,0.0,99.9754786491394
476,2019-05-20 22:30,2,1,2019-05-21 22:30,0.0,99.93476271629333,2019-05-22 22:30,0.0,99.96024966239929
477,2019-05-21 7:30,1,1,2019-05-22 7:30,0.0,99.97605085372925,2019-05-23 7:30,0.0,99.96979236602783
478,2019-05-21 11:00,1,3,2019-05-22 11:00,0.0,99.97794032096863,2019-05-23 11:00,0.0,99.9457061290741
479,2019-05-21 16:30,1,3,2019-05-22 16:30,0.0,99.97794032096863,2019-05-23 16:30,0.0,99.76751208305359
480,2019-05-21 18:00,2,1,2019-05-22 18:00,0.0,99.98475313186646,2019-05-23 18:00,0.0,99.97180700302124
481,2019-05-21 19:00,2,1,2019-05-22 19:00,0.0,99.98234510421753,2019-05-23 19:00,0.0,99.97080564498901
482,2019-05-21 21:00,2,2,2019-05-22 21:00,0.0,99.98064637184143,2019-05-23 21:00,0.0,99.96172785758972
483,2019-05-21 21:30,2,2,2019-05-22 21:30,0.0,99.9805748462677,2019-05-23 21:30,0.0,99.96172785758972
484,2019-05-22 11:00,1,1,2019-05-23 11:00,0.0,99.98205304145813,2019-05-24 11:00,0.0,99.97870326042175
485,2019-05-22 12:00,2,2,2019-05-23 12:00,0.0,99.98684525489807,2019-05-24 12:00,0.0,99.98498558998108
486,2019-05-22 14:30,1,3,2019-05-23 14:30,0.0,99.97794032096863,2019-05-24 14:30,0.0,99.64321851730347
487,2019-05-22 17:00,1,1,2019-05-23 17:00,0.0,99.98802542686462,2019-05-24 17:00,0.0,99.98762607574463
488,2019-05-22 19:00,1,2,2019-05-23 19:00,0.0,99.97311234474182,2019-05-24 19:00,0.0,99.97099041938782
489,2019-05-23 0:30,1,1,2019-05-24 0:30,0.0,99.95934963226318,2019-05-25 0:30,0.0,99.9792754650116
490,2019-05-23 1:00,2,2,2019-05-24 1:00,0.0,99.98299479484558,2019-05-25 1:00,0.0,99.96512532234192
491,2019-05-23 1:00,1,2,2019-05-24 1:00,0.0,99.96566772460938,2019-05-25 1:00,0.0,99.90670084953308
492,2019-05-23 1:00,2,3,2019-05-24 1:00,0.0,99.9900221824646,2019-05-25 1:00,0.0,99.99080300331116
493,2019-05-23 4:00,1,3,2019-05-24 4:00,0.0,99.92788434028625,2019-05-25 4:00,0.0,99.9260663986206
494,2019-05-23 4:00,2,1,2019-05-24 4:00,0.0,99.91236329078674,2019-05-25 4:00,0.0,99.93907809257507
495,2019-05-23 4:30,1,3,2019-05-24 4:30,0.0,99.90370869636536,2019-05-25 4:30,0.0,99.92226958274841
496,2019-05-23 5:00,2,1,2019-05-24 5:00,0.0,99.94297623634338,2019-05-25 5:00,0.0,99.95925426483154
497,2019-05-23 7:00,1,2,2019-05-24 7:00,0.0,99.96532201766968,2019-05-25 7:00,0.0,99.90563988685608
498,2019-05-23 8:00,2,3,2019-05-24 8:00,0.0,99.9900221824646,2019-05-25 8:00,0.0,99.99080300331116
499,2019-05-23 9:00,1,2,2019-05-24 9:00,0.0,99.96894001960754,2019-05-25 9:00,0.0,99.96145963668823
500,2019-05-23 9:30,2,3,2019-05-24 9:30,0.0,99.9900221824646,2019-05-25 9:30,0.0,99.99023079872131
501,2019-05-23 12:00,1,2,2019-05-24 12:00,0.0,99.97214674949646,2019-05-25 12:00,0.0,99.96994137763977
502,2019-05-23 14:30,1,2,2019-05-24 14:30,0.0,99.96663331985474,2019-05-25 14:30,0.0,99.95971918106079
503,2019-05-23 14:30,1,3,2019-05-24 14:30,0.0,99.97893571853638,2019-05-25 14:30,0.0,99.98186230659485
504,2019-05-23 17:00,2,3,2019-05-24 17:00,0.0,99.9900221824646,2019-05-25 17:00,0.0,99.99080300331116
505,2019-05-23 22:30,1,1,2019-05-24 22:30,0.0,99.97300505638123,2019-05-25 22:30,0.0,99.94149208068848
506,2019-05-23 23:00,1,1,2019-05-24 23:00,0.0,99.96813535690308,2019-05-25 23:00,0.0,99.94586110115051
507,2019-05-24 2:00,1,1,2019-05-25 2:00,0.0,99.95404481887817,2019-05-26 2:00,0.0,99.97490644454956
508,2019-05-24 2:30,1,2,2019-05-25 2:30,0.0,99.96245503425598,2019-05-26 2:30,0.0,99.87544417381287
509,2019-05-24 3:30,1,2,2019-05-25 3:30,0.0,99.9122142791748,2019-05-26 3:30,0.0,99.93603229522705
510,2019-05-24 4:30,2,2,2019-05-25 4:30,0.0,99.98064041137695,2019-05-26 4:30,0.0,99.9607801437378
511,2019-05-24 6:30,1,3,2019-05-25 6:30,0.0,99.92923140525818,2019-05-26 6:30,0.0,99.94409084320068
512,2019-05-24 7:00,1,1,2019-05-25 7:00,0.0,99.9724805355072,2019-05-26 7:00,0.0,99.93342757225037
513,2019-05-25 3:30,2,2,2019-05-26 3:30,0.0,99.98064041137695,2019-05-27 3:30,0.0,99.97304677963257
514,2019-05-25 6:00,1,1,2019-05-26 6:00,0.0,99.95670318603516,2019-05-27 6:00,0.0,99.91751313209534
515,2019-05-25 7:30,2,3,2019-05-26 7:30,0.0,99.9900221824646,2019-05-27 7:30,0.0,99.99080300331116
516,2019-05-26 2:30,1,3,2019-05-27 2:30,0.0,99.97120499610901,2019-05-28 2:30,0.0,99.94874000549316
517,2019-05-26 4:30,1,2,2019-05-27 4:30,0.0,99.90180134773254,2019-05-28 4:30,0.0,99.9748170375824
518,2019-05-27 1:00,1,1,2019-05-28 1:00,0.0,99.98802542686462,2019-05-29 1:00,0.0,99.98762607574463
519,2019-05-27 2:00,1,1,2019-05-28 2:00,0.0,99.98297095298767,2019-05-29 2:00,0.0,99.98663067817688
520,2019-05-27 2:00,1,3,2019-05-28 2:00,0.0,99.96533989906311,2019-05-29 2:00,0.0,99.97704029083252
521,2019-05-27 3:00,1,2,2019-05-28 3:00,0.0,99.98222589492798,2019-05-29 3:00,0.0,99.98616576194763
522,2019-05-27 4:00,1,2,2019-05-28 4:00,0.0,99.98222589492798,2019-05-29 4:00,0.0,99.98557567596436
523,2019-05-27 5:30,1,2,2019-05-28 5:30,0.0,99.98222589492798,2019-05-29 5:30,0.0,99.97457265853882
524,2019-05-27 7:00,2,1,2019-05-28 7:00,0.0,99.95480179786682,2019-05-29 7:00,0.0,99.97575879096985
525,2019-05-27 11:30,1,3,2019-05-28 11:30,0.0,99.96647834777832,2019-05-29 11:30,0.0,99.9665915966034
526,2019-05-27 15:00,1,1,2019-05-28 15:00,0.0,99.9384343624115,2019-05-29 15:00,0.0,99.92690682411194
527,2019-05-27 23:30,2,1,2019-05-28 23:30,0.0,99.93887543678284,2019-05-29 23:30,0.0,99.95419383049011
528,2019-05-28 13:30,2,3,2019-05-29 13:30,0.0,99.9900221824646,2019-05-30 13:30,0.0,99.9805212020874
529,2019-05-28 16:30,1,3,2019-05-29 16:30,0.0,99.98218417167664,2019-05-30 16:30,0.0,99.78087544441223
530,2019-05-28 17:00,1,1,2019-05-29 17:00,0.0,99.98802542686462,2019-05-30 17:00,0.0,99.98762607574463
531,2019-05-28 17:30,1,1,2019-05-29 17:30,0.0,99.98802542686462,2019-05-30 17:30,0.0,99.98762607574463
532,2019-05-28 19:00,2,3,2019-05-29 19:00,0.0,99.9900221824646,2019-05-30 19:00,0.0,99.9299168586731
533,2019-05-28 19:00,1,1,2019-05-29 19:00,0.0,99.97941255569458,2019-05-30 19:00,0.0,99.98663067817688
534,2019-05-28 19:30,2,3,2019-05-29 19:30,0.0,99.9900221824646,2019-05-30 19:30,0.0,99.95924830436707
535,2019-05-28 21:00,2,3,2019-05-29 21:00,0.0,99.9900221824646,2019-05-30 21:00,0.0,99.98946189880371
536,2019-05-28 21:30,2,3,2019-05-29 21:30,0.0,99.9900221824646,2019-05-30 21:30,0.0,99.99020099639893
537,2019-05-28 22:00,2,2,2019-05-29 22:00,0.0,99.98076558113098,2019-05-30 22:00,0.0,99.97732043266296
538,2019-05-29 0:30,1,3,2019-05-30 0:30,0.0,99.95129704475403,2019-05-31 0:30,0.0,99.96538758277893
539,2019-05-29 1:30,2,2,2019-05-30 1:30,0.0,99.98064637184143,2019-05-31 1:30,0.0,99.97236728668213
540,2019-05-29 8:00,2,3,2019-05-30 8:00,0.0,99.9900221824646,2019-05-31 8:00,0.0,99.99080300331116
541,2019-05-29 10:30,2,1,2019-05-30 10:30,0.0,99.98680353164673,2019-05-31 10:30,0.0,99.98424053192139
542,2019-05-29 17:30,2,2,2019-05-30 17:30,0.0,99.9856173992157,2019-05-31 17:30,0.0,99.98785257339478
543,2019-05-29 21:30,2,3,2019-05-30 21:30,0.0,99.9900221824646,2019-05-31 21:30,0.0,99.9805212020874
544,2019-05-30 0:00,1,2,2019-05-31 0:00,0.0,99.95008707046509,2019-06-01 0:00,0.0,99.97876286506653
545,2019-05-30 0:30,2,3,2019-05-31 0:30,0.0,99.9900221824646,2019-06-01 0:30,0.0,99.99080300331116
546,2019-05-30 1:30,2,3,2019-05-31 1:30,0.0,99.9900221824646,2019-06-01 1:30,0.0,99.9898374080658
547,2019-05-30 5:30,1,2,2019-05-31 5:30,0.0,99.93900060653687,2019-06-01 5:30,0.0,99.75072741508484
548,2019-05-30 6:00,1,3,2019-05-31 6:00,0.0,99.94654059410095,2019-06-01 6:00,0.0,99.91593956947327
549,2019-05-30 16:00,2,1,2019-05-31 16:00,0.0,99.98655915260315,2019-06-01 16:00,0.0,99.96273517608643
550,2019-05-30 17:30,1,1,2019-05-31 17:30,0.0,99.97658729553223,2019-06-01 17:30,0.0,99.98663067817688
551,2019-05-30 19:30,2,1,2019-05-31 19:30,0.0,99.97633099555969,2019-06-01 19:30,0.0,99.962317943573
552,2019-05-30 19:30,1,3,2019-05-31 19:30,0.0,99.96614456176758,2019-06-01 19:30,0.0,99.96997714042664
553,2019-05-30 21:00,1,2,2019-05-31 21:00,0.0,99.94951486587524,2019-06-01 21:00,0.0,99.9866247177124
554,2019-05-30 22:00,1,1,2019-05-31 22:00,0.0,99.9507486820221,2019-06-01 22:00,0.0,99.95960593223572
555,2019-05-30 23:00,1,3,2019-05-31 23:00,0.0,99.93665218353271,2019-06-01 23:00,0.0,99.97000098228455
556,2019-05-30 23:00,1,1,2019-05-31 23:00,0.0,99.95748400688171,2019-06-01 23:00,0.0,99.98107552528381
557,2019-05-31 5:30,1,3,2019-06-01 5:30,0.0,99.93295073509216,2019-06-02 5:30,0.0,99.92419481277466
558,2019-05-31 5:30,1,1,2019-06-01 5:30,0.0,99.9676525592804,2019-06-02 5:30,0.0,99.97799396514893
559,2019-05-31 8:00,2,3,2019-06-01 8:00,0.0,99.9900221824646,2019-06-02 8:00,0.0,99.99023079872131
560,2019-05-31 11:30,1,2,2019-06-01 11:30,0.0,99.96066689491272,2019-06-02 11:30,0.0,99.96058344841003
561,2019-05-31 12:00,2,1,2019-06-01 12:00,0.0,99.9875545501709,2019-06-02 12:00,0.0,99.98548030853271
562,2019-05-31 14:00,1,3,2019-06-01 14:00,0.0,99.95454549789429,2019-06-02 14:00,0.0,99.98348355293274
563,2019-05-31 15:30,2,1,2019-06-01 15:30,0.0,99.98655915260315,2019-06-02 15:30,0.0,99.98114109039307
564,2019-05-31 16:00,2,1,2019-06-01 16:00,0.0,99.98655915260315,2019-06-02 16:00,0.0,99.98114109039307
565,2019-05-31 17:00,2,3,2019-06-01 17:00,0.0,99.9900221824646,2019-06-02 17:00,0.0,99.99020099639893
566,2019-05-31 23:00,2,1,2019-06-01 23:00,0.0,99.94264245033264,2019-06-02 23:00,0.0,99.95552897453308
567,2019-06-01 0:30,2,3,2019-06-02 0:30,0.0,99.9900221824646,2019-06-03 0:30,0.0,99.9898374080658
568,2019-06-01 0:30,2,1,2019-06-02 0:30,0.0,99.9450147151947,2019-06-03 0:30,0.0,99.94739890098572
569,2019-06-01 1:30,2,2,2019-06-02 1:30,0.0,99.98011589050293,2019-06-03 1:30,0.0,99.96445775032043
570,2019-06-01 12:30,2,3,2019-06-02 12:30,0.0,99.9900221824646,2019-06-03 12:30,0.0,99.99080300331116
571,2019-06-01 15:00,1,1,2019-06-02 15:00,0.0,99.96813535690308,2019-06-03 15:00,0.0,99.94586110115051
572,2019-06-01 16:30,1,3,2019-06-02 16:30,0.0,99.96417164802551,2019-06-03 16:30,0.0,99.9656617641449
573,2019-06-01 17:00,2,3,2019-06-02 17:00,0.0,99.9900221824646,2019-06-03 17:00,0.0,99.99080300331116
574,2019-06-01 20:30,1,3,2019-06-02 20:30,0.0,99.94422197341919,2019-06-03 20:30,0.0,99.95748996734619
575,2019-06-01 21:30,1,3,2019-06-02 21:30,0.0,99.92673993110657,2019-06-03 21:30,0.0,99.9553918838501
576,2019-06-01 22:00,1,3,2019-06-02 22:00,0.0,99.90901947021484,2019-06-03 22:00,0.0,99.9558687210083
577,2019-06-02 1:30,2,3,2019-06-03 1:30,0.0,99.9900221824646,2019-06-04 1:30,0.0,99.99069571495056
578,2019-06-02 10:00,2,1,2019-06-03 10:00,0.0,99.98680353164673,2019-06-04 10:00,0.0,99.98548030853271
579,2019-06-02 11:30,2,3,2019-06-03 11:30,0.0,99.9900221824646,2019-06-04 11:30,0.0,99.98319745063782
580,2019-06-02 12:30,1,3,2019-06-03 12:30,0.0,99.97033476829529,2019-06-04 12:30,0.0,99.98437166213989
581,2019-06-03 7:00,2,1,2019-06-04 7:00,0.0,99.90367293357849,2019-06-05 7:00,0.0,99.94354844093323
582,2019-06-03 8:00,2,3,2019-06-04 8:00,0.0,99.9900221824646,2019-06-05 8:00,0.0,99.99023079872131
583,2019-06-03 9:00,1,2,2019-06-04 9:00,0.0,99.96614456176758,2019-06-05 9:00,0.0,99.9593436717987
584,2019-06-03 11:00,2,2,2019-06-04 11:00,0.0,99.98525977134705,2019-06-05 11:00,0.0,99.98785257339478
585,2019-06-03 11:30,2,3,2019-06-04 11:30,0.0,99.9900221824646,2019-06-05 11:30,0.0,99.98186826705933
586,2019-06-03 11:30,2,2,2019-06-04 11:30,0.0,99.98677968978882,2019-06-05 11:30,0.0,99.98785257339478
587,2019-06-03 15:00,1,1,2019-06-04 15:00,0.0,99.98802542686462,2019-06-05 15:00,0.0,99.98762607574463
588,2019-06-03 17:00,1,3,2019-06-04 17:00,0.0,99.98218417167664,2019-06-05 17:00,0.0,99.98162388801575
589,2019-06-03 18:30,2,1,2019-06-04 18:30,0.0,99.98655915260315,2019-06-05 18:30,0.0,99.98642802238464
590,2019-06-03 20:00,2,3,2019-06-04 20:00,0.0,99.9900221824646,2019-06-05 20:00,0.0,99.99080300331116
591,2019-06-03 21:30,1,1,2019-06-04 21:30,0.0,99.98458623886108,2019-06-05 21:30,0.0,99.98663067817688
592,2019-06-03 23:00,1,1,2019-06-04 23:00,0.0,99.98458623886108,2019-06-05 23:00,0.0,99.98663067817688
593,2019-06-03 23:30,1,1,2019-06-04 23:30,0.0,99.96927380561829,2019-06-05 23:30,0.0,99.98663067817688
594,2019-06-04 1:00,2,3,2019-06-05 1:00,0.0,99.9900221824646,2019-06-06 1:00,0.0,99.99080300331116
595,2019-06-04 1:30,2,1,2019-06-05 1:30,0.0,99.92905855178833,2019-06-06 1:30,0.0,99.88406300544739
596,2019-06-04 2:00,1,1,2019-06-05 2:00,0.0,99.97342824935913,2019-06-06 2:00,0.0,99.95301961898804
597,2019-06-04 5:00,1,3,2019-06-05 5:00,0.0,99.94104504585266,2019-06-06 5:00,0.0,99.93563294410706
598,2019-06-04 5:30,1,1,2019-06-05 5:30,0.0,99.95404481887817,2019-06-06 5:30,0.0,99.86279606819153
599,2019-06-04 6:00,1,1,2019-06-05 6:00,0.0,99.97342824935913,2019-06-06 6:00,0.0,99.86279606819153
600,2019-06-04 13:00,2,3,2019-06-05 13:00,0.0,99.9900221824646,2019-06-06 13:00,0.0,99.99080300331116
601,2019-06-04 18:30,2,1,2019-06-05 18:30,0.0,99.95368123054504,2019-06-06 18:30,0.0,99.95300769805908
602,2019-06-04 20:00,2,3,2019-06-05 20:00,0.0,99.9900221824646,2019-06-06 20:00,0.0,99.9890923500061
603,2019-06-04 21:00,2,3,2019-06-05 21:00,0.0,99.9900221824646,2019-06-06 21:00,0.0,99.99069571495056
604,2019-06-05 2:00,1,2,2019-06-06 2:00,0.0,99.9307930469513,2019-06-07 2:00,0.0,99.97876286506653
605,2019-06-05 4:30,2,2,2019-06-06 4:30,0.0,99.98685717582703,2019-06-07 4:30,0.0,99.97324347496033
606,2019-06-05 11:00,1,3,2019-06-06 11:00,0.0,99.9289333820343,2019-06-07 11:00,0.0,99.9543845653534
607,2019-06-05 12:30,1,3,2019-06-06 12:30,0.0,99.95765686035156,2019-06-07 12:30,0.0,99.97590780258179
608,2019-06-05 13:30,2,3,2019-06-06 13:30,0.0,99.9900221824646,2019-06-07 13:30,0.0,99.99080300331116
609,2019-06-05 17:00,2,3,2019-06-06 17:00,0.0,99.9900221824646,2019-06-07 17:00,0.0,99.99032616615295
610,2019-06-05 17:00,1,2,2019-06-06 17:00,0.0,99.93000626564026,2019-06-07 17:00,0.0,99.98616576194763
611,2019-06-05 20:00,2,2,2019-06-06 20:00,0.0,99.98809695243835,2019-06-07 20:00,0.0,99.98912811279297
612,2019-06-05 21:00,2,1,2019-06-06 21:00,0.0,99.9443769454956,2019-06-07 21:00,0.0,99.96212124824524
613,2019-06-06 5:30,1,1,2019-06-07 5:30,0.0,99.967360496521,2019-06-08 5:30,0.0,99.9387264251709
614,2019-06-06 6:00,1,3,2019-06-07 6:00,0.0,99.87506866455078,2019-06-08 6:00,0.0,99.93763566017151
615,2019-06-06 6:30,1,3,2019-06-07 6:30,0.0,99.87506866455078,2019-06-08 6:30,0.0,99.93763566017151
616,2019-06-06 7:00,2,2,2019-06-07 7:00,0.0,99.97546076774597,2019-06-08 7:00,0.0,99.97324347496033
617,2019-06-06 9:30,2,2,2019-06-07 9:30,0.0,99.97978210449219,2019-06-08 9:30,0.0,99.9684751033783
618,2019-06-06 13:00,2,3,2019-06-07 13:00,0.0,99.9900221824646,2019-06-08 13:00,0.0,99.99080300331116
619,2019-06-06 16:00,1,3,2019-06-07 16:00,0.0,99.96421933174133,2019-06-08 16:00,0.0,99.97590780258179
620,2019-06-06 19:30,2,2,2019-06-07 19:30,0.0,99.98685717582703,2019-06-08 19:30,0.0,99.98912811279297
621,2019-06-06 19:30,2,1,2019-06-07 19:30,0.0,99.96065497398376,2019-06-08 19:30,0.0,99.97714161872864
622,2019-06-06 22:30,1,2,2019-06-07 22:30,0.0,99.88144040107727,2019-06-08 22:30,0.0,99.97251033782959
623,2019-06-06 22:30,2,1,2019-06-07 22:30,0.0,99.96132254600525,2019-06-08 22:30,0.0,99.96402859687805
624,2019-06-07 1:30,2,3,2019-06-08 1:30,0.0,99.9900221824646,2019-06-09 1:30,0.0,99.9901831150055
625,2019-06-07 5:00,2,1,2019-06-08 5:00,0.0,99.95548129081726,2019-06-09 5:00,0.0,99.978107213974
626,2019-06-07 5:30,2,1,2019-06-08 5:30,0.0,99.95548129081726,2019-06-09 5:30,0.0,99.978107213974
627,2019-06-07 13:30,1,1,2019-06-08 13:30,0.0,99.86751079559326,2019-06-09 13:30,0.0,99.78591203689575
628,2019-06-07 15:30,1,3,2019-06-08 15:30,0.0,99.96711611747742,2019-06-09 15:30,0.0,99.94280934333801
629,2019-06-07 16:00,2,2,2019-06-08 16:00,0.0,99.96671080589294,2019-06-09 16:00,0.0,99.98912811279297
630,2019-06-07 16:30,2,1,2019-06-08 16:30,0.0,99.98528361320496,2019-06-09 16:30,0.0,99.97810125350952
631,2019-06-07 17:30,2,2,2019-06-08 17:30,0.0,99.96580481529236,2019-06-09 17:30,0.0,99.98912811279297
632,2019-06-07 18:30,1,2,2019-06-08 18:30,0.0,99.95748996734619,2019-06-09 18:30,0.0,99.95041489601135
633,2019-06-08 0:30,1,2,2019-06-09 0:30,0.0,99.93273615837097,2019-06-10 0:30,0.0,99.90794062614441
634,2019-06-08 2:00,1,1,2019-06-09 2:00,0.0,99.97342824935913,2019-06-10 2:00,0.0,99.95025992393494
635,2019-06-08 8:00,2,1,2019-06-09 8:00,0.0,99.98539686203003,2019-06-10 8:00,0.0,99.97557401657104
636,2019-06-08 8:30,1,2,2019-06-09 8:30,0.0,99.92676377296448,2019-06-10 8:30,0.0,99.90136623382568
637,2019-06-08 12:00,2,3,2019-06-09 12:00,0.0,99.9900221824646,2019-06-10 12:00,0.0,99.99023079872131
638,2019-06-08 15:30,1,2,2019-06-09 15:30,0.0,99.954354763031,2019-06-10 15:30,0.0,99.98813271522522
639,2019-06-08 19:00,2,3,2019-06-09 19:00,0.0,99.9900221824646,2019-06-10 19:00,0.0,99.99080300331116
640,2019-06-08 20:30,1,1,2019-06-09 20:30,0.0,99.98297095298767,2019-06-10 20:30,0.0,99.98663067817688
641,2019-06-08 21:30,1,2,2019-06-09 21:30,0.0,99.94705319404602,2019-06-10 21:30,0.0,99.98813271522522
642,2019-06-09 5:30,1,1,2019-06-10 5:30,0.0,99.97189044952393,2019-06-11 5:30,0.0,99.98701214790344
643,2019-06-09 13:00,1,2,2019-06-10 13:00,0.0,99.95143413543701,2019-06-11 13:00,0.0,99.98813271522522
644,2019-06-09 16:30,1,2,2019-06-10 16:30,0.0,99.98723268508911,2019-06-11 16:30,0.0,99.98813271522522
645,2019-06-09 23:30,2,1,2019-06-10 23:30,0.0,99.95818734169006,2019-06-11 23:30,0.0,99.9617874622345
646,2019-06-10 0:30,1,3,2019-06-11 0:30,0.0,99.96826648712158,2019-06-12 0:30,0.0,99.95195269584656
647,2019-06-10 15:30,2,1,2019-06-11 15:30,0.0,99.98491406440735,2019-06-12 15:30,0.0,99.98642802238464
648,2019-06-10 17:00,1,3,2019-06-11 17:00,0.0,99.97552037239075,2019-06-12 17:00,0.0,99.9829113483429
649,2019-06-10 17:00,2,2,2019-06-11 17:00,0.0,99.98776912689209,2019-06-12 17:00,0.0,99.98912811279297
650,2019-06-10 22:00,2,3,2019-06-11 22:00,0.0,99.9900221824646,2019-06-12 22:00,0.0,99.9898374080658
651,2019-06-10 23:30,1,2,2019-06-11 23:30,0.0,99.92897510528564,2019-06-12 23:30,0.0,99.97560977935791
652,2019-06-11 1:00,2,1,2019-06-12 1:00,0.0,99.88608956336975,2019-06-13 1:00,0.0,99.86750483512878
653,2019-06-11 2:30,1,2,2019-06-12 2:30,0.0,99.94127750396729,2019-06-13 2:30,0.0,99.97641444206238
654,2019-06-11 4:30,1,2,2019-06-12 4:30,0.0,99.95190501213074,2019-06-13 4:30,0.0,99.96554851531982
655,2019-06-11 5:30,1,1,2019-06-12 5:30,0.0,99.95735883712769,2019-06-13 5:30,0.0,99.95960593223572
656,2019-06-11 7:00,1,1,2019-06-12 7:00,0.0,99.9731719493866,2019-06-13 7:00,0.0,99.9575138092041
657,2019-06-11 7:00,1,3,2019-06-12 7:00,0.0,99.96750950813293,2019-06-13 7:00,0.0,99.95676279067993
658,2019-06-11 9:00,2,1,2019-06-12 9:00,0.0,99.98680353164673,2019-06-13 9:00,0.0,99.98454451560974
659,2019-06-11 12:30,1,1,2019-06-12 12:30,0.0,99.98802542686462,2019-06-13 12:30,0.0,99.98762607574463
660,2019-06-11 20:00,1,2,2019-06-12 20:00,0.0,99.95495676994324,2019-06-13 20:00,0.0,99.9866247177124
661,2019-06-11 23:00,1,1,2019-06-12 23:00,0.0,99.95266199111938,2019-06-13 23:00,0.0,99.88446235656738
662,2019-06-11 23:30,2,2,2019-06-12 23:30,0.0,99.98776912689209,2019-06-13 23:30,0.0,99.96450543403625
663,2019-06-12 2:30,1,2,2019-06-13 2:30,0.0,99.90938901901245,2019-06-14 2:30,0.0,99.9748170375824
664,2019-06-12 6:30,1,2,2019-06-13 6:30,0.0,99.93290901184082,2019-06-14 6:30,0.0,99.77900385856628
665,2019-06-12 11:00,2,3,2019-06-13 11:00,0.0,99.9900221824646,2019-06-14 11:00,0.0,99.99080300331116
666,2019-06-12 13:30,1,1,2019-06-13 13:30,0.0,99.98802542686462,2019-06-14 13:30,0.0,99.98762607574463
667,2019-06-12 15:30,2,2,2019-06-13 15:30,0.0,99.98591542243958,2019-06-14 15:30,0.0,99.98912811279297
668,2019-06-12 20:00,1,2,2019-06-13 20:00,0.0,99.98723268508911,2019-06-14 20:00,0.0,99.98813271522522
669,2019-06-13 1:00,1,1,2019-06-14 1:00,0.0,99.95146989822388,2019-06-15 1:00,0.0,99.98448491096497
670,2019-06-13 1:30,1,2,2019-06-14 1:30,0.0,99.89259839057922,2019-06-15 1:30,0.0,99.97876286506653
671,2019-06-13 5:00,2,1,2019-06-14 5:00,0.0,99.96451139450073,2019-06-15 5:00,0.0,99.96097087860107
672,2019-06-13 8:30,1,1,2019-06-14 8:30,0.0,99.98043775558472,2019-06-15 8:30,0.0,99.83807802200317
673,2019-06-13 13:00,2,3,2019-06-14 13:00,0.0,99.9900221824646,2019-06-15 13:00,0.0,99.99023079872131
674,2019-06-13 16:30,2,2,2019-06-14 16:30,0.0,99.98725056648254,2019-06-15 16:30,0.0,99.98785257339478
675,2019-06-13 20:00,2,1,2019-06-14 20:00,0.0,99.94980692863464,2019-06-15 20:00,0.0,99.87691640853882
676,2019-06-13 20:30,2,3,2019-06-14 20:30,0.0,99.9900221824646,2019-06-15 20:30,0.0,99.99080300331116
677,2019-06-13 23:00,2,1,2019-06-14 23:00,0.0,99.92668628692627,2019-06-15 23:00,0.0,99.90358352661133
678,2019-06-13 23:30,2,2,2019-06-14 23:30,0.0,99.98776912689209,2019-06-15 23:30,0.0,99.98912811279297
679,2019-06-14 0:00,1,3,2019-06-15 0:00,0.0,99.97780323028564,2019-06-16 0:00,0.0,99.98180270195007
680,2019-06-14 2:00,2,1,2019-06-15 2:00,0.0,99.93464946746826,2019-06-16 2:00,0.0,99.88480806350708
681,2019-06-14 2:00,1,3,2019-06-15 2:00,0.0,99.96634721755981,2019-06-16 2:00,0.0,99.95092153549194
682,2019-06-14 2:30,2,3,2019-06-15 2:30,0.0,99.9900221824646,2019-06-16 2:30,0.0,99.9898374080658
683,2019-06-14 2:30,1,3,2019-06-15 2:30,0.0,99.96337890625,2019-06-16 2:30,0.0,99.95318651199341
684,2019-06-14 6:30,2,1,2019-06-15 6:30,0.0,99.933522939682,2019-06-16 6:30,0.0,99.95995759963989
685,2019-06-14 7:00,2,3,2019-06-15 7:00,0.0,99.9900221824646,2019-06-16 7:00,0.0,99.9898374080658
686,2019-06-14 9:30,2,2,2019-06-15 9:30,0.0,99.98739361763,2019-06-16 9:30,0.0,99.98912811279297
687,2019-06-14 13:30,1,3,2019-06-15 13:30,0.0,99.98392462730408,2019-06-16 13:30,0.0,99.97708797454834
688,2019-06-14 16:30,2,1,2019-06-15 16:30,0.0,99.98400807380676,2019-06-16 16:30,0.0,99.98642802238464
689,2019-06-14 23:30,1,3,2019-06-15 23:30,0.0,99.96337890625,2019-06-16 23:30,0.0,99.94784593582153
690,2019-06-14 23:30,2,3,2019-06-15 23:30,0.0,99.9900221824646,2019-06-16 23:30,0.0,99.9898374080658
691,2019-06-15 5:00,2,2,2019-06-16 5:00,0.0,99.98809695243835,2019-06-17 5:00,0.0,99.97324347496033
692,2019-06-15 5:30,1,3,2019-06-16 5:30,0.0,99.96826648712158,2019-06-17 5:30,0.0,99.95092749595642
693,2019-06-15 6:00,1,3,2019-06-16 6:00,0.0,99.96628165245056,2019-06-17 6:00,0.0,99.95797872543335
694,2019-06-15 7:30,1,3,2019-06-16 7:30,0.0,99.97490048408508,2019-06-17 7:30,0.0,99.93984699249268
695,2019-06-15 20:00,1,3,2019-06-16 20:00,0.0,99.98179078102112,2019-06-17 20:00,0.0,99.97698664665222
696,2019-06-15 22:00,1,1,2019-06-16 22:00,0.0,99.91807341575623,2019-06-17 22:00,0.0,99.98663067817688
697,2019-06-16 1:30,2,1,2019-06-17 1:30,0.0,99.96451735496521,2019-06-18 1:30,0.0,99.96281266212463
698,2019-06-16 11:30,1,3,2019-06-17 11:30,0.0,99.98392462730408,2019-06-18 11:30,0.0,99.97307062149048
699,2019-06-16 13:30,1,3,2019-06-17 13:30,0.0,99.98392462730408,2019-06-18 13:30,0.0,99.98186230659485
700,2019-06-16 13:30,2,3,2019-06-17 13:30,0.0,99.9900221824646,2019-06-18 13:30,0.0,99.99023079872131
701,2019-06-16 18:00,2,1,2019-06-17 18:00,0.0,99.98400807380676,2019-06-18 18:00,0.0,99.96805787086487
702,2019-06-16 19:00,2,2,2019-06-17 19:00,0.0,99.98698234558105,2019-06-18 19:00,0.0,99.98912811279297
703,2019-06-17 1:00,1,1,2019-06-18 1:00,0.0,99.92280006408691,2019-06-19 1:00,0.0,99.98448491096497
704,2019-06-17 1:30,2,2,2019-06-18 1:30,0.0,99.98809695243835,2019-06-19 1:30,0.0,99.97183680534363
705,2019-06-17 3:30,2,1,2019-06-18 3:30,0.0,99.96412396430969,2019-06-19 3:30,0.0,99.96281266212463
706,2019-06-17 4:00,2,1,2019-06-18 4:00,0.0,99.96451139450073,2019-06-19 4:00,0.0,99.96281266212463
707,2019-06-17 7:00,2,1,2019-06-18 7:00,0.0,99.94853138923645,2019-06-19 7:00,0.0,99.95980858802795
708,2019-06-17 11:00,1,1,2019-06-18 11:00,0.0,99.98802542686462,2019-06-19 11:00,0.0,99.98762607574463
709,2019-06-17 13:30,1,2,2019-06-18 13:30,0.0,99.98769760131836,2019-06-19 13:30,0.0,99.98813271522522
710,2019-06-17 14:00,2,3,2019-06-18 14:00,0.0,99.9900221824646,2019-06-19 14:00,0.0,99.99080300331116
711,2019-06-17 16:00,2,2,2019-06-18 16:00,0.0,99.98591542243958,2019-06-19 16:00,0.0,99.98912811279297
712,2019-06-17 16:30,2,1,2019-06-18 16:30,0.0,99.98400807380676,2019-06-19 16:30,0.0,99.98642802238464
713,2019-06-17 18:00,2,1,2019-06-18 18:00,0.0,99.98400807380676,2019-06-19 18:00,0.0,99.97773170471191
714,2019-06-17 20:00,2,2,2019-06-18 20:00,0.0,99.98776912689209,2019-06-19 20:00,0.0,99.98912811279297
715,2019-06-17 22:30,1,3,2019-06-18 22:30,0.0,99.97275471687317,2019-06-19 22:30,0.0,99.9596655368805
716,2019-06-18 2:30,1,1,2019-06-19 2:30,0.0,99.9574363231659,2019-06-20 2:30,0.0,99.93740916252136
717,2019-06-18 6:30,2,3,2019-06-19 6:30,0.0,99.9900221824646,2019-06-20 6:30,0.0,99.98911619186401
718,2019-06-18 7:00,1,3,2019-06-19 7:00,0.0,99.96159672737122,2019-06-20 7:00,0.0,99.97342228889465
719,2019-06-18 7:00,2,1,2019-06-19 7:00,0.0,99.8981773853302,2019-06-20 7:00,0.0,99.85533952713013
720,2019-06-18 9:30,1,1,2019-06-19 9:30,0.0,99.962317943573,2019-06-20 9:30,0.0,99.98762607574463
721,2019-06-18 15:00,1,1,2019-06-19 15:00,0.0,99.98802542686462,2019-06-20 15:00,0.0,99.98762607574463
722,2019-06-18 15:30,2,3,2019-06-19 15:30,0.0,99.9900221824646,2019-06-20 15:30,0.0,99.99080300331116
723,2019-06-18 18:00,1,2,2019-06-19 18:00,0.0,99.98769760131836,2019-06-20 18:00,0.0,99.98813271522522
724,2019-06-18 20:30,1,2,2019-06-19 20:30,0.0,99.98769760131836,2019-06-20 20:30,0.0,99.98813271522522
725,2019-06-19 1:00,1,1,2019-06-20 1:00,0.0,99.92585182189941,2019-06-21 1:00,0.0,99.9859631061554
726,2019-06-19 2:00,1,2,2019-06-20 2:00,0.0,99.98222589492798,2019-06-21 2:00,0.0,99.98557567596436
727,2019-06-19 2:30,2,3,2019-06-20 2:30,0.0,99.9900221824646,2019-06-21 2:30,0.0,99.98481273651123
728,2019-06-19 3:00,2,3,2019-06-20 3:00,0.0,99.9900221824646,2019-06-21 3:00,0.0,99.98481273651123
729,2019-06-19 5:30,1,3,2019-06-20 5:30,0.0,99.97351169586182,2019-06-21 5:30,0.0,99.95997548103333
730,2019-06-19 9:00,2,2,2019-06-20 9:00,0.0,99.98809695243835,2019-06-21 9:00,0.0,99.98912811279297
731,2019-06-19 10:00,2,2,2019-06-20 10:00,0.0,99.98809695243835,2019-06-21 10:00,0.0,99.98912811279297
732,2019-06-19 13:30,2,2,2019-06-20 13:30,0.0,99.98725056648254,2019-06-21 13:30,0.0,99.98912811279297
733,2019-06-19 13:30,2,1,2019-06-20 13:30,0.0,99.98400807380676,2019-06-21 13:30,0.0,99.9853253364563
734,2019-06-19 15:00,2,3,2019-06-20 15:00,0.0,99.9900221824646,2019-06-21 15:00,0.0,99.99080300331116
735,2019-06-19 15:30,2,2,2019-06-20 15:30,0.0,99.98725056648254,2019-06-21 15:30,0.0,99.98912811279297
736,2019-06-19 17:00,2,2,2019-06-20 17:00,0.0,99.98776912689209,2019-06-21 17:00,0.0,99.98912811279297
737,2019-06-19 22:30,2,3,2019-06-20 22:30,0.0,99.9900221824646,2019-06-21 22:30,0.0,99.99069571495056
738,2019-06-19 23:30,1,3,2019-06-20 23:30,0.0,99.96647834777832,2019-06-21 23:30,0.0,99.95261430740356
739,2019-06-20 6:30,1,3,2019-06-21 6:30,0.0,99.92454051971436,2019-06-22 6:30,0.0,99.94901418685913
740,2019-06-20 8:30,1,1,2019-06-21 8:30,0.0,99.97189044952393,2019-06-22 8:30,0.0,99.9859631061554
741,2019-06-20 13:00,1,2,2019-06-21 13:00,0.0,99.98769760131836,2019-06-22 13:00,0.0,99.98813271522522
742,2019-06-20 13:30,1,1,2019-06-21 13:30,0.0,99.98802542686462,2019-06-22 13:30,0.0,99.98762607574463
743,2019-06-20 17:30,1,1,2019-06-21 17:30,0.0,99.98802542686462,2019-06-22 17:30,0.0,99.98762607574463
744,2019-06-20 21:30,1,2,2019-06-21 21:30,0.0,99.98723268508911,2019-06-22 21:30,0.0,99.98813271522522
745,2019-06-21 0:00,2,3,2019-06-22 0:00,0.0,99.9900221824646,2019-06-23 0:00,0.0,99.99069571495056
746,2019-06-21 0:00,1,3,2019-06-22 0:00,0.0,99.96647834777832,2019-06-23 0:00,0.0,99.97650384902954
747,2019-06-21 0:00,2,1,2019-06-22 0:00,0.0,99.95248317718506,2019-06-23 0:00,0.0,99.97088313102722
748,2019-06-21 1:30,1,1,2019-06-22 1:30,0.0,99.89497661590576,2019-06-23 1:30,0.0,99.82603788375854
749,2019-06-21 8:00,2,2,2019-06-22 8:00,0.0,99.98809695243835,2019-06-23 8:00,0.0,99.98912811279297
750,2019-06-21 10:00,1,3,2019-06-22 10:00,0.0,99.98106956481934,2019-06-23 10:00,0.0,99.97256994247437
751,2019-06-21 10:30,2,1,2019-06-22 10:30,0.0,99.98320937156677,2019-06-23 10:30,0.0,99.9853253364563
752,2019-06-21 13:30,1,2,2019-06-22 13:30,0.0,99.98769760131836,2019-06-23 13:30,0.0,99.98813271522522
753,2019-06-21 14:00,2,1,2019-06-22 14:00,0.0,99.98748302459717,2019-06-23 14:00,0.0,99.98670220375061
754,2019-06-21 15:00,2,3,2019-06-22 15:00,0.0,99.9900221824646,2019-06-23 15:00,0.0,99.99080300331116
755,2019-06-21 23:00,1,1,2019-06-22 23:00,0.0,99.78533983230591,2019-06-23 23:00,0.0,99.9859631061554
756,2019-06-22 1:00,2,1,2019-06-23 1:00,0.0,99.95267987251282,2019-06-24 1:00,0.0,99.97179508209229
757,2019-06-22 6:00,2,1,2019-06-23 6:00,0.0,99.92590546607971,2019-06-24 6:00,0.0,99.90358352661133
758,2019-06-22 6:30,2,3,2019-06-23 6:30,0.0,99.9900221824646,2019-06-24 6:30,0.0,99.99080300331116
759,2019-06-22 7:00,1,3,2019-06-23 7:00,0.0,99.97855424880981,2019-06-24 7:00,0.0,99.97449517250061
760,2019-06-22 7:30,2,2,2019-06-23 7:30,0.0,99.98591542243958,2019-06-24 7:30,0.0,99.98912811279297
761,2019-06-22 9:00,1,1,2019-06-23 9:00,0.0,99.98802542686462,2019-06-24 9:00,0.0,99.98762607574463
762,2019-06-22 14:30,1,2,2019-06-23 14:30,0.0,99.98769760131836,2019-06-24 14:30,0.0,99.98813271522522
763,2019-06-22 16:00,2,2,2019-06-23 16:00,0.0,99.98591542243958,2019-06-24 16:00,0.0,99.98912811279297
764,2019-06-22 18:00,2,1,2019-06-23 18:00,0.0,99.98748302459717,2019-06-24 18:00,0.0,99.98670220375061
765,2019-06-22 19:30,1,1,2019-06-23 19:30,0.0,99.98802542686462,2019-06-24 19:30,0.0,99.98762607574463
766,2019-06-23 4:00,1,2,2019-06-24 4:00,0.0,99.98723268508911,2019-06-25 4:00,0.0,99.98813271522522
767,2019-06-23 6:00,2,1,2019-06-24 6:00,0.0,99.94787573814392,2019-06-25 6:00,0.0,99.90556240081787
768,2019-06-23 8:30,2,3,2019-06-24 8:30,0.0,99.9900221824646,2019-06-25 8:30,0.0,99.98319745063782
769,2019-06-23 9:00,2,1,2019-06-24 9:00,0.0,99.98748302459717,2019-06-25 9:00,0.0,99.98670220375061
770,2019-06-23 12:00,1,1,2019-06-24 12:00,0.0,99.98802542686462,2019-06-25 12:00,0.0,99.98762607574463
771,2019-06-23 12:30,1,2,2019-06-24 12:30,0.0,99.98769760131836,2019-06-25 12:30,0.0,99.98813271522522
772,2019-06-23 13:30,2,1,2019-06-24 13:30,0.0,99.98748302459717,2019-06-25 13:30,0.0,99.98670220375061
773,2019-06-23 14:30,1,1,2019-06-24 14:30,0.0,99.98802542686462,2019-06-25 14:30,0.0,99.98762607574463
774,2019-06-23 21:00,2,3,2019-06-24 21:00,0.0,99.9900221824646,2019-06-25 21:00,0.0,99.99080300331116
775,2019-06-23 23:30,1,3,2019-06-24 23:30,0.0,99.98392462730408,2019-06-25 23:30,0.0,99.95384812355042
776,2019-06-24 1:30,1,2,2019-06-25 1:30,0.0,99.98723268508911,2019-06-26 1:30,0.0,99.98813271522522
777,2019-06-24 2:00,2,3,2019-06-25 2:00,0.0,99.9900221824646,2019-06-26 2:00,0.0,99.99080300331116
778,2019-06-24 3:00,1,3,2019-06-25 3:00,0.0,99.9729871749878,2019-06-26 3:00,0.0,99.95014071464539
779,2019-06-24 8:00,2,1,2019-06-25 8:00,0.0,99.98748302459717,2019-06-26 8:00,0.0,99.98430013656616
780,2019-06-24 9:00,1,1,2019-06-25 9:00,0.0,99.98802542686462,2019-06-26 9:00,0.0,99.98762607574463
781,2019-06-24 9:00,2,1,2019-06-25 9:00,0.0,99.98748302459717,2019-06-26 9:00,0.0,99.98670220375061
782,2019-06-24 9:30,2,1,2019-06-25 9:30,0.0,99.98748302459717,2019-06-26 9:30,0.0,99.98670220375061
783,2019-06-24 13:30,2,1,2019-06-25 13:30,0.0,99.98748302459717,2019-06-26 13:30,0.0,99.98670220375061
784,2019-06-24 15:00,1,1,2019-06-25 15:00,0.0,99.98802542686462,2019-06-26 15:00,0.0,99.98762607574463
785,2019-06-24 15:00,1,3,2019-06-25 15:00,0.0,99.97190833091736,2019-06-26 15:00,0.0,99.98058676719666
786,2019-06-24 15:30,1,2,2019-06-25 15:30,0.0,99.98769760131836,2019-06-26 15:30,0.0,99.98813271522522
787,2019-06-24 19:00,2,3,2019-06-25 19:00,0.0,99.9900221824646,2019-06-26 19:00,0.0,99.99080300331116
788,2019-06-24 19:30,2,2,2019-06-25 19:30,0.0,99.98591542243958,2019-06-26 19:30,0.0,99.98912811279297
789,2019-06-24 19:30,2,1,2019-06-25 19:30,0.0,99.98748302459717,2019-06-26 19:30,0.0,99.98670220375061
790,2019-06-24 22:30,2,2,2019-06-25 22:30,0.0,99.98776912689209,2019-06-26 22:30,0.0,99.98912811279297
791,2019-06-25 0:00,2,2,2019-06-26 0:00,0.0,99.98776912689209,2019-06-27 0:00,0.0,99.98912811279297
792,2019-06-25 1:30,2,3,2019-06-26 1:30,0.0,99.9900221824646,2019-06-27 1:30,0.0,99.99032616615295
793,2019-06-25 5:30,2,2,2019-06-26 5:30,0.0,99.98776912689209,2019-06-27 5:30,0.0,99.98912811279297
794,2019-06-25 6:30,2,1,2019-06-26 6:30,0.0,99.94868636131287,2019-06-27 6:30,0.0,99.96325373649597
795,2019-06-25 9:00,2,2,2019-06-26 9:00,0.0,99.98725056648254,2019-06-27 9:00,0.0,99.98785257339478
796,2019-06-25 11:00,2,2,2019-06-26 11:00,0.0,99.98725056648254,2019-06-27 11:00,0.0,99.98785257339478
797,2019-06-25 15:00,2,2,2019-06-26 15:00,0.0,99.98725056648254,2019-06-27 15:00,0.0,99.98785257339478
798,2019-06-25 15:30,2,2,2019-06-26 15:30,0.0,99.98725056648254,2019-06-27 15:30,0.0,99.98785257339478
799,2019-06-25 23:30,1,1,2019-06-26 23:30,0.0,99.98802542686462,2019-06-27 23:30,0.0,99.98762607574463
800,2019-06-26 2:00,1,2,2019-06-27 2:00,0.0,99.98723268508911,2019-06-28 2:00,0.0,99.98616576194763
801,2019-06-26 10:30,2,2,2019-06-27 10:30,0.0,99.98776912689209,2019-06-28 10:30,0.0,99.98912811279297
802,2019-06-26 11:30,1,1,2019-06-27 11:30,0.0,99.98802542686462,2019-06-28 11:30,0.0,99.98762607574463
803,2019-06-26 14:30,1,2,2019-06-27 14:30,0.0,99.98769760131836,2019-06-28 14:30,0.0,99.98813271522522
804,2019-06-26 16:30,2,3,2019-06-27 16:30,0.0,99.9900221824646,2019-06-28 16:30,0.0,99.99080300331116
805,2019-06-26 17:00,2,3,2019-06-27 17:00,0.0,99.9900221824646,2019-06-28 17:00,0.0,99.99080300331116
806,2019-06-26 19:00,1,3,2019-06-27 19:00,0.0,99.9722421169281,2019-06-28 19:00,0.0,99.96679425239563
807,2019-06-27 5:00,2,2,2019-06-28 5:00,0.0,99.98613595962524,2019-06-29 5:00,0.0,99.98912811279297
808,2019-06-27 5:30,1,2,2019-06-28 5:30,0.0,99.97994899749756,2019-06-29 5:30,0.0,99.98761415481567
809,2019-06-27 7:00,2,3,2019-06-28 7:00,0.0,99.9900221824646,2019-06-29 7:00,0.0,99.98481273651123
810,2019-06-27 8:00,1,2,2019-06-28 8:00,0.0,99.98769760131836,2019-06-29 8:00,0.0,99.98761415481567
811,2019-06-27 8:30,2,1,2019-06-28 8:30,0.0,99.98544454574585,2019-06-29 8:30,0.0,99.97897148132324
812,2019-06-27 8:30,1,3,2019-06-28 8:30,0.0,99.97580051422119,2019-06-29 8:30,0.0,99.8120903968811
813,2019-06-27 10:00,2,3,2019-06-28 10:00,0.0,99.9900221824646,2019-06-29 10:00,0.0,99.9876618385315
814,2019-06-27 10:00,2,2,2019-06-28 10:00,0.0,99.98809695243835,2019-06-29 10:00,0.0,99.98912811279297
815,2019-06-27 12:30,1,3,2019-06-28 12:30,0.0,99.96363520622253,2019-06-29 12:30,0.0,99.219411611557
816,2019-06-27 13:30,2,1,2019-06-28 13:30,0.0,99.98390078544617,2019-06-29 13:30,0.0,99.98547434806824
817,2019-06-27 14:00,1,2,2019-06-28 14:00,0.0,99.98769760131836,2019-06-29 14:00,0.0,99.98813271522522
818,2019-06-27 19:30,1,1,2019-06-28 19:30,0.0,99.98802542686462,2019-06-29 19:30,0.0,99.9829649925232
819,2019-06-28 1:00,2,3,2019-06-29 1:00,0.0,99.9900221824646,2019-06-30 1:00,0.0,99.98481273651123
820,2019-06-28 1:00,1,1,2019-06-29 1:00,0.0,99.98802542686462,2019-06-30 1:00,0.0,99.98701214790344
821,2019-06-28 3:00,2,2,2019-06-29 3:00,0.0,99.98613595962524,2019-06-30 3:00,0.0,99.98912811279297
822,2019-06-28 18:00,1,3,2019-06-29 18:00,0.0,99.97524619102478,2019-06-30 18:00,0.0,99.97692108154297
823,2019-06-28 20:30,1,3,2019-06-29 20:30,0.0,99.97524619102478,2019-06-30 20:30,0.0,99.95449185371399
824,2019-06-28 21:30,1,2,2019-06-29 21:30,0.0,99.98769760131836,2019-06-30 21:30,0.0,99.98813271522522
825,2019-06-28 22:00,1,2,2019-06-29 22:00,0.0,99.98769760131836,2019-06-30 22:00,0.0,99.98813271522522
826,2019-06-28 23:00,2,2,2019-06-29 23:00,0.0,99.98809695243835,2019-06-30 23:00,0.0,99.98912811279297
827,2019-06-29 1:30,1,2,2019-06-30 1:30,0.0,99.98723268508911,2019-07-01 1:30,0.0,99.98761415481567
828,2019-06-29 3:00,2,3,2019-06-30 3:00,0.0,99.9900221824646,2019-07-01 3:00,0.0,99.99069571495056
829,2019-06-29 6:00,1,1,2019-06-30 6:00,0.0,99.97437596321106,2019-07-01 6:00,0.0,99.9859631061554
830,2019-06-29 7:30,2,1,2019-06-30 7:30,0.0,99.96266961097717,2019-07-01 7:30,0.0,99.97262358665466
831,2019-06-29 10:30,1,1,2019-06-30 10:30,0.0,99.98802542686462,2019-07-01 10:30,0.0,99.9829649925232
832,2019-06-29 14:30,2,1,2019-06-30 14:30,0.0,99.98677968978882,2019-07-01 14:30,0.0,99.98670220375061
833,2019-06-29 17:30,1,3,2019-06-30 17:30,0.0,99.97524619102478,2019-07-01 17:30,0.0,99.92876648902893
834,2019-06-29 18:30,2,1,2019-06-30 18:30,0.0,99.98677968978882,2019-07-01 18:30,0.0,99.98670220375061
835,2019-06-29 21:30,2,3,2019-06-30 21:30,0.0,99.9900221824646,2019-07-01 21:30,0.0,99.98992085456848
836,2019-06-29 22:30,1,3,2019-06-30 22:30,0.0,99.97524619102478,2019-07-01 22:30,0.0,99.85918998718262
837,2019-06-30 3:00,1,3,2019-07-01 3:00,0.0,99.98005628585815,2019-07-02 3:00,0.0,99.97705221176147
838,2019-06-30 3:30,2,1,2019-07-01 3:30,0.0,99.9629557132721,2019-07-02 3:30,0.0,99.94887709617615
839,2019-06-30 5:00,2,3,2019-07-01 5:00,0.0,99.9900221824646,2019-07-02 5:00,0.0,99.99069571495056
840,2019-06-30 8:00,1,1,2019-07-01 8:00,0.0,99.98802542686462,2019-07-02 8:00,0.0,99.98762607574463
841,2019-06-30 18:00,1,3,2019-07-01 18:00,0.0,99.97524619102478,2019-07-02 18:00,0.0,99.96584057807922
842,2019-06-30 19:30,1,2,2019-07-01 19:30,0.0,99.98769760131836,2019-07-02 19:30,0.0,99.98761415481567
843,2019-06-30 20:00,1,1,2019-07-01 20:00,0.0,99.98802542686462,2019-07-02 20:00,0.0,99.98701214790344
844,2019-07-01 0:30,2,3,2019-07-02 0:30,0.0,99.9900221824646,2019-07-03 0:30,0.0,99.98481273651123
845,2019-07-01 9:00,1,3,2019-07-02 9:00,0.0,99.97758269309998,2019-07-03 9:00,0.0,99.96196031570435
846,2019-07-01 16:30,1,2,2019-07-02 16:30,0.0,99.98769760131836,2019-07-03 16:30,0.0,99.98813271522522
847,2019-07-01 20:30,2,1,2019-07-02 20:30,0.0,99.98719692230225,2019-07-03 20:30,0.0,99.96970891952515
848,2019-07-05 0:30,1,1,2019-07-06 0:30,0.0,99.98458623886108,2019-07-07 0:30,0.0,99.9859631061554
849,2019-07-05 1:30,2,1,2019-07-06 1:30,0.0,99.9629557132721,2019-07-07 1:30,0.0,99.97377395629883
850,2019-07-05 5:30,1,1,2019-07-06 5:30,0.0,99.98458623886108,2019-07-07 5:30,0.0,99.9859631061554
851,2019-07-05 5:30,2,2,2019-07-06 5:30,0.0,99.98613595962524,2019-07-07 5:30,0.0,99.98912811279297
852,2019-07-05 7:00,2,1,2019-07-06 7:00,0.0,99.98629689216614,2019-07-07 7:00,0.0,99.96806383132935
853,2019-07-05 9:30,1,3,2019-07-06 9:30,0.0,99.9740719795227,2019-07-07 9:30,0.0,99.91453289985657
854,2019-07-05 15:00,1,2,2019-07-06 15:00,0.0,99.98769760131836,2019-07-07 15:00,0.0,99.98813271522522
855,2019-07-05 15:30,2,3,2019-07-06 15:30,0.0,99.9900221824646,2019-07-07 15:30,0.0,99.99080300331116
856,2019-07-05 20:00,2,1,2019-07-06 20:00,0.0,99.98748302459717,2019-07-07 20:00,0.0,99.98670220375061
857,2019-07-05 20:30,1,1,2019-07-06 20:30,0.0,99.98802542686462,2019-07-07 20:30,0.0,99.98762607574463
858,2019-07-05 21:00,1,2,2019-07-06 21:00,0.0,99.98769760131836,2019-07-07 21:00,0.0,99.98813271522522
859,2019-07-06 1:00,2,2,2019-07-07 1:00,0.0,99.98776912689209,2019-07-08 1:00,0.0,99.98912811279297
860,2019-07-06 1:30,1,2,2019-07-07 1:30,0.0,99.98723268508911,2019-07-08 1:30,0.0,99.98813271522522
861,2019-07-06 4:30,2,3,2019-07-07 4:30,0.0,99.9900221824646,2019-07-08 4:30,0.0,99.9898374080658
862,2019-07-06 8:30,1,1,2019-07-07 8:30,0.0,99.98802542686462,2019-07-08 8:30,0.0,99.98762607574463
863,2019-07-06 12:30,1,2,2019-07-07 12:30,0.0,99.98769760131836,2019-07-08 12:30,0.0,99.98813271522522
864,2019-07-06 13:30,1,3,2019-07-07 13:30,0.0,99.50757622718811,2019-07-08 13:30,0.0,99.97281432151794
865,2019-07-06 14:00,1,3,2019-07-07 14:00,0.0,99.50757622718811,2019-07-08 14:00,0.0,99.97281432151794
866,2019-07-06 17:00,1,3,2019-07-07 17:00,0.0,99.97800588607788,2019-07-08 17:00,0.0,99.97281432151794
867,2019-07-06 17:00,2,1,2019-07-07 17:00,0.0,99.98748302459717,2019-07-08 17:00,0.0,99.98670220375061
868,2019-07-06 19:00,1,3,2019-07-07 19:00,0.0,99.97042417526245,2019-07-08 19:00,0.0,99.98241662979126
869,2019-07-06 19:00,2,2,2019-07-07 19:00,0.0,99.98725056648254,2019-07-08 19:00,0.0,99.98785257339478
870,2019-07-06 21:00,2,2,2019-07-07 21:00,0.0,99.98725056648254,2019-07-08 21:00,0.0,99.98785257339478
871,2019-07-07 0:00,1,1,2019-07-08 0:00,0.0,99.98802542686462,2019-07-09 0:00,0.0,99.98762607574463
872,2019-07-07 1:00,2,3,2019-07-08 1:00,0.0,99.9900221824646,2019-07-09 1:00,0.0,99.99080300331116
873,2019-07-07 3:00,2,3,2019-07-08 3:00,0.0,99.9900221824646,2019-07-09 3:00,0.0,99.99080300331116
874,2019-07-07 6:00,2,2,2019-07-08 6:00,0.0,99.98776912689209,2019-07-09 6:00,0.0,99.98912811279297
875,2019-07-07 7:30,1,2,2019-07-08 7:30,0.0,99.98769760131836,2019-07-09 7:30,0.0,99.98813271522522
876,2019-07-07 8:30,1,2,2019-07-08 8:30,0.0,99.98769760131836,2019-07-09 8:30,0.0,99.98813271522522
877,2019-07-07 9:30,1,2,2019-07-08 9:30,0.0,99.98769760131836,2019-07-09 9:30,0.0,99.98813271522522
878,2019-07-07 13:00,2,1,2019-07-08 13:00,0.0,99.98748302459717,2019-07-09 13:00,0.0,99.98670220375061
879,2019-07-07 15:30,1,3,2019-07-08 15:30,0.0,99.97800588607788,2019-07-09 15:30,0.0,99.98241662979126
880,2019-07-07 16:00,2,3,2019-07-08 16:00,0.0,99.9900221824646,2019-07-09 16:00,0.0,99.98946189880371
881,2019-07-07 17:30,2,3,2019-07-08 17:30,0.0,99.9900221824646,2019-07-09 17:30,0.0,99.99020099639893
882,2019-07-07 18:30,1,2,2019-07-08 18:30,0.0,99.98769760131836,2019-07-09 18:30,0.0,99.98813271522522
883,2019-07-07 20:00,1,1,2019-07-08 20:00,0.0,99.98802542686462,2019-07-09 20:00,0.0,99.98762607574463
884,2019-07-07 23:30,1,2,2019-07-08 23:30,0.0,99.98769760131836,2019-07-09 23:30,0.0,99.98813271522522
885,2019-07-08 0:30,2,2,2019-07-09 0:30,0.0,99.98725056648254,2019-07-10 0:30,0.0,99.98912811279297
886,2019-07-08 2:30,1,1,2019-07-09 2:30,0.0,99.98802542686462,2019-07-10 2:30,0.0,99.98762607574463
887,2019-07-08 5:00,1,1,2019-07-09 5:00,0.0,99.98458623886108,2019-07-10 5:00,0.0,99.98663067817688
888,2019-07-08 9:00,1,1,2019-07-09 9:00,0.0,99.98802542686462,2019-07-10 9:00,0.0,99.98762607574463
889,2019-07-08 9:30,1,2,2019-07-09 9:30,0.0,99.98769760131836,2019-07-10 9:30,0.0,99.98813271522522
890,2019-07-08 10:00,1,3,2019-07-09 10:00,0.0,99.97465014457703,2019-07-10 10:00,0.0,99.98058676719666
891,2019-07-08 10:30,1,1,2019-07-09 10:30,0.0,99.98802542686462,2019-07-10 10:30,0.0,99.98762607574463
892,2019-07-08 12:00,1,1,2019-07-09 12:00,0.0,99.98802542686462,2019-07-10 12:00,0.0,99.98762607574463
893,2019-07-08 17:00,2,3,2019-07-09 17:00,0.0,99.9900221824646,2019-07-10 17:00,0.0,99.99080300331116
894,2019-07-08 19:00,2,3,2019-07-09 19:00,0.0,99.9900221824646,2019-07-10 19:00,0.0,99.99080300331116
895,2019-07-08 22:00,1,3,2019-07-09 22:00,0.0,99.98209476470947,2019-07-10 22:00,0.0,99.98253583908081
896,2019-07-09 3:00,2,1,2019-07-10 3:00,0.0,99.98748302459717,2019-07-11 3:00,0.0,99.9781847000122
897,2019-07-09 13:30,1,2,2019-07-10 13:30,0.0,99.98769760131836,2019-07-11 13:30,0.0,99.98813271522522
898,2019-07-09 13:30,1,3,2019-07-10 13:30,0.0,99.97800588607788,2019-07-11 13:30,0.0,99.98241662979126
899,2019-07-09 13:30,1,1,2019-07-10 13:30,0.0,99.98802542686462,2019-07-11 13:30,0.0,99.98762607574463
900,2019-07-09 14:30,2,3,2019-07-10 14:30,0.0,99.9900221824646,2019-07-11 14:30,0.0,99.98946189880371
901,2019-07-09 16:30,2,1,2019-07-10 16:30,0.0,99.98748302459717,2019-07-11 16:30,0.0,99.98670220375061
902,2019-07-09 17:00,2,3,2019-07-10 17:00,0.0,99.9900221824646,2019-07-11 17:00,0.0,99.9805212020874
903,2019-07-10 3:00,2,1,2019-07-11 3:00,0.0,99.98748302459717,2019-07-12 3:00,0.0,99.9781847000122
904,2019-07-10 4:30,1,1,2019-07-11 4:30,0.0,99.98495578765869,2019-07-12 4:30,0.0,99.98663067817688
905,2019-07-10 13:30,1,1,2019-07-11 13:30,0.0,99.98802542686462,2019-07-12 13:30,0.0,99.98762607574463
906,2019-07-10 14:30,1,1,2019-07-11 14:30,0.0,99.98802542686462,2019-07-12 14:30,0.0,99.98762607574463
907,2019-07-10 16:30,1,1,2019-07-11 16:30,0.0,99.98802542686462,2019-07-12 16:30,0.0,99.98762607574463
908,2019-07-11 6:00,1,3,2019-07-12 6:00,0.0,99.94054436683655,2019-07-13 6:00,0.0,99.95078444480896
909,2019-07-11 7:30,2,3,2019-07-12 7:30,0.0,99.9900221824646,2019-07-13 7:30,0.0,99.98481273651123
910,2019-07-11 9:30,1,2,2019-07-12 9:30,0.0,99.98769760131836,2019-07-13 9:30,0.0,99.98761415481567
911,2019-07-11 11:30,1,1,2019-07-12 11:30,0.0,99.98802542686462,2019-07-13 11:30,0.0,99.98762607574463
912,2019-07-11 12:30,1,2,2019-07-12 12:30,0.0,99.98769760131836,2019-07-13 12:30,0.0,99.98813271522522
913,2019-07-11 13:00,2,2,2019-07-12 13:00,0.0,99.98776912689209,2019-07-13 13:00,0.0,99.98912811279297
914,2019-07-11 13:30,2,2,2019-07-12 13:30,0.0,99.98809695243835,2019-07-13 13:30,0.0,99.98912811279297
915,2019-07-11 15:00,2,2,2019-07-12 15:00,0.0,99.98809695243835,2019-07-13 15:00,0.0,99.98912811279297
916,2019-07-11 19:30,2,3,2019-07-12 19:30,0.0,99.9900221824646,2019-07-13 19:30,0.0,99.98911619186401
917,2019-07-11 21:30,2,3,2019-07-12 21:30,0.0,99.9900221824646,2019-07-13 21:30,0.0,99.98911619186401
918,2019-07-11 22:30,1,1,2019-07-12 22:30,0.0,99.98368620872498,2019-07-13 22:30,0.0,99.9832272529602
919,2019-07-12 1:00,2,2,2019-07-13 1:00,0.0,99.98809695243835,2019-07-14 1:00,0.0,99.98912811279297
920,2019-07-12 1:00,1,2,2019-07-13 1:00,0.0,99.98723268508911,2019-07-14 1:00,0.0,99.98813271522522
921,2019-07-12 5:00,1,2,2019-07-13 5:00,0.0,99.98723268508911,2019-07-14 5:00,0.0,99.98557567596436
922,2019-07-12 5:30,2,3,2019-07-13 5:30,0.0,99.9900221824646,2019-07-14 5:30,0.0,99.99069571495056
923,2019-07-12 8:00,1,3,2019-07-13 8:00,0.0,99.97758269309998,2019-07-14 8:00,0.0,99.96508955955505
924,2019-07-12 9:30,2,3,2019-07-13 9:30,0.0,99.9900221824646,2019-07-14 9:30,0.0,99.98994469642639
925,2019-07-12 11:30,1,3,2019-07-13 11:30,0.0,99.97111558914185,2019-07-14 11:30,0.0,99.9441921710968
926,2019-07-12 13:00,2,2,2019-07-13 13:00,0.0,99.98698234558105,2019-07-14 13:00,0.0,99.98912811279297
927,2019-07-12 13:30,2,2,2019-07-13 13:30,0.0,99.98698234558105,2019-07-14 13:30,0.0,99.98912811279297
928,2019-07-12 14:00,1,3,2019-07-13 14:00,0.0,99.96476769447327,2019-07-14 14:00,0.0,99.91226196289062
929,2019-07-12 18:00,1,2,2019-07-13 18:00,0.0,99.98769760131836,2019-07-14 18:00,0.0,99.98813271522522
930,2019-07-13 0:00,1,2,2019-07-14 0:00,0.0,99.98769760131836,2019-07-15 0:00,0.0,99.98761415481567
931,2019-07-13 4:00,2,3,2019-07-14 4:00,0.0,99.9900221824646,2019-07-15 4:00,0.0,99.99069571495056
932,2019-07-13 7:30,2,2,2019-07-14 7:30,0.0,99.98613595962524,2019-07-15 7:30,0.0,99.98912811279297
933,2019-07-13 8:00,2,2,2019-07-14 8:00,0.0,99.98613595962524,2019-07-15 8:00,0.0,99.98912811279297
934,2019-07-13 8:30,2,2,2019-07-14 8:30,0.0,99.98809695243835,2019-07-15 8:30,0.0,99.98912811279297
935,2019-07-13 9:30,1,2,2019-07-14 9:30,0.0,99.98769760131836,2019-07-15 9:30,0.0,99.98761415481567
936,2019-07-13 13:30,2,1,2019-07-14 13:30,0.0,99.98390078544617,2019-07-15 13:30,0.0,99.98547434806824
937,2019-07-13 17:30,1,2,2019-07-14 17:30,0.0,99.98769760131836,2019-07-15 17:30,0.0,99.98813271522522
938,2019-07-13 17:30,2,3,2019-07-14 17:30,0.0,99.9900221824646,2019-07-15 17:30,0.0,99.99032616615295
939,2019-07-13 22:30,1,2,2019-07-14 22:30,0.0,99.98769760131836,2019-07-15 22:30,0.0,99.98761415481567
940,2019-07-13 23:30,2,3,2019-07-14 23:30,0.0,99.9900221824646,2019-07-15 23:30,0.0,99.9901831150055
941,2019-07-14 1:30,1,3,2019-07-15 1:30,0.0,99.98046159744263,2019-07-16 1:30,0.0,99.79864954948425
942,2019-07-14 2:00,1,3,2019-07-15 2:00,0.0,99.98046159744263,2019-07-16 2:00,0.0,99.6889054775238
943,2019-07-14 3:30,1,2,2019-07-15 3:30,0.0,99.98087286949158,2019-07-16 3:30,0.0,99.98660683631897
944,2019-07-14 3:30,1,3,2019-07-15 3:30,0.0,99.9648928642273,2019-07-16 3:30,0.0,99.87793564796448
945,2019-07-14 4:30,1,1,2019-07-15 4:30,0.0,99.98458623886108,2019-07-16 4:30,0.0,99.9859631061554
946,2019-07-14 7:30,2,3,2019-07-15 7:30,0.0,99.9900221824646,2019-07-16 7:30,0.0,99.98481273651123
947,2019-07-14 7:30,1,3,2019-07-15 7:30,0.0,99.96177554130554,2019-07-16 7:30,0.0,99.93166923522949
948,2019-07-14 7:30,2,1,2019-07-15 7:30,0.0,99.98629689216614,2019-07-16 7:30,0.0,99.98650550842285
949,2019-07-14 10:30,1,2,2019-07-15 10:30,0.0,99.98769760131836,2019-07-16 10:30,0.0,99.98813271522522
950,2019-07-14 12:30,2,3,2019-07-15 12:30,0.0,99.9900221824646,2019-07-16 12:30,0.0,99.99080300331116
951,2019-07-14 20:00,1,3,2019-07-15 20:00,0.0,99.93862509727478,2019-07-16 20:00,0.0,99.96706247329712
952,2019-07-15 3:30,1,3,2019-07-16 3:30,0.0,99.9648928642273,2019-07-17 3:30,0.0,99.94581937789917
953,2019-07-15 3:30,2,2,2019-07-16 3:30,0.0,99.98613595962524,2019-07-17 3:30,0.0,99.98912811279297
954,2019-07-15 7:00,2,3,2019-07-16 7:00,0.0,99.9900221824646,2019-07-17 7:00,0.0,99.98481273651123
955,2019-07-15 7:00,1,3,2019-07-16 7:00,0.0,99.96699094772339,2019-07-17 7:00,0.0,99.90533590316772
956,2019-07-15 14:00,2,3,2019-07-16 14:00,0.0,99.9900221824646,2019-07-17 14:00,0.0,99.98481273651123
957,2019-07-15 14:30,2,1,2019-07-16 14:30,0.0,99.98310208320618,2019-07-17 14:30,0.0,99.98650550842285
958,2019-07-15 15:00,1,3,2019-07-16 15:00,0.0,99.97524619102478,2019-07-17 15:00,0.0,99.89109635353088
959,2019-07-15 19:30,2,2,2019-07-16 19:30,0.0,99.98809695243835,2019-07-17 19:30,0.0,99.98912811279297
960,2019-07-15 21:00,2,1,2019-07-16 21:00,0.0,99.9843955039978,2019-07-17 21:00,0.0,99.98650550842285
961,2019-07-15 22:30,1,2,2019-07-16 22:30,0.0,99.98769760131836,2019-07-17 22:30,0.0,99.98761415481567
962,2019-07-16 2:00,1,2,2019-07-17 2:00,0.0,99.98723268508911,2019-07-18 2:00,0.0,99.98761415481567
963,2019-07-16 4:00,1,1,2019-07-17 4:00,0.0,99.98458623886108,2019-07-18 4:00,0.0,99.9859631061554
964,2019-07-16 10:00,1,1,2019-07-17 10:00,0.0,99.98802542686462,2019-07-18 10:00,0.0,99.98762607574463
965,2019-07-16 13:30,2,1,2019-07-17 13:30,0.0,99.98707175254822,2019-07-18 13:30,0.0,99.98670220375061
966,2019-07-16 14:30,2,2,2019-07-17 14:30,0.0,99.98732805252075,2019-07-18 14:30,0.0,99.98912811279297
967,2019-07-16 15:00,1,1,2019-07-17 15:00,0.0,99.98802542686462,2019-07-18 15:00,0.0,99.98762607574463
968,2019-07-16 17:00,1,1,2019-07-17 17:00,0.0,99.98802542686462,2019-07-18 17:00,0.0,99.98762607574463
969,2019-07-16 18:00,1,1,2019-07-17 18:00,0.0,99.98802542686462,2019-07-18 18:00,0.0,99.98762607574463
970,2019-07-16 18:30,1,1,2019-07-17 18:30,0.0,99.98802542686462,2019-07-18 18:30,0.0,99.98762607574463
971,2019-07-16 20:00,1,1,2019-07-17 20:00,0.0,99.98802542686462,2019-07-18 20:00,0.0,99.98701214790344
972,2019-07-17 0:00,2,1,2019-07-18 0:00,0.0,99.98544454574585,2019-07-19 0:00,0.0,99.9799132347107
973,2019-07-17 1:00,2,1,2019-07-18 1:00,0.0,99.98544454574585,2019-07-19 1:00,0.0,99.98186230659485
974,2019-07-17 5:00,2,2,2019-07-18 5:00,0.0,99.98685717582703,2019-07-19 5:00,0.0,99.98912811279297
975,2019-07-17 6:00,2,3,2019-07-18 6:00,0.0,99.9900221824646,2019-07-19 6:00,0.0,99.98481273651123
976,2019-07-17 8:30,2,1,2019-07-18 8:30,0.0,99.97836351394653,2019-07-19 8:30,0.0,99.98547434806824
977,2019-07-17 9:00,2,2,2019-07-18 9:00,0.0,99.98809695243835,2019-07-19 9:00,0.0,99.98912811279297
978,2019-07-17 10:00,1,1,2019-07-18 10:00,0.0,99.98802542686462,2019-07-19 10:00,0.0,99.98762607574463
979,2019-07-17 14:00,1,1,2019-07-18 14:00,0.0,99.98802542686462,2019-07-19 14:00,0.0,99.98762607574463
980,2019-07-17 18:00,1,1,2019-07-18 18:00,0.0,99.98802542686462,2019-07-19 18:00,0.0,99.98762607574463
981,2019-07-17 18:30,2,2,2019-07-18 18:30,0.0,99.98809695243835,2019-07-19 18:30,0.0,99.98912811279297
982,2019-07-17 21:00,1,2,2019-07-18 21:00,0.0,99.98769760131836,2019-07-19 21:00,0.0,99.98813271522522
983,2019-07-18 0:30,1,2,2019-07-19 0:30,0.0,99.98769760131836,2019-07-20 0:30,0.0,99.98813271522522
984,2019-07-18 4:30,1,2,2019-07-19 4:30,0.0,99.98769760131836,2019-07-20 4:30,0.0,99.98813271522522
985,2019-07-18 6:30,2,1,2019-07-19 6:30,0.0,99.98544454574585,2019-07-20 6:30,0.0,99.98650550842285
986,2019-07-18 9:30,1,1,2019-07-19 9:30,0.0,99.98802542686462,2019-07-20 9:30,0.0,99.98762607574463
987,2019-07-18 11:30,1,3,2019-07-19 11:30,0.0,99.12273287773132,2019-07-20 11:30,0.0,99.97141361236572
988,2019-07-18 13:00,2,2,2019-07-19 13:00,0.0,99.98725056648254,2019-07-20 13:00,0.0,99.98785257339478
989,2019-07-18 17:00,1,3,2019-07-19 17:00,0.0,99.9791145324707,2019-07-20 17:00,0.0,99.98053312301636
990,2019-07-18 17:00,2,2,2019-07-19 17:00,0.0,99.98725056648254,2019-07-20 17:00,0.0,99.98912811279297
991,2019-07-18 19:00,2,1,2019-07-19 19:00,0.0,99.98655915260315,2019-07-20 19:00,0.0,99.98670220375061
992,2019-07-18 19:30,1,3,2019-07-19 19:30,0.0,99.97282028198242,2019-07-20 19:30,0.0,99.97393488883972
993,2019-07-19 0:00,2,3,2019-07-20 0:00,0.0,99.9900221824646,2019-07-21 0:00,0.0,99.98831152915955
994,2019-07-19 6:30,1,1,2019-07-20 6:30,0.0,99.98802542686462,2019-07-21 6:30,0.0,99.98762607574463
995,2019-07-19 16:30,1,3,2019-07-20 16:30,0.0,99.97627139091492,2019-07-21 16:30,0.0,99.97227191925049
996,2019-07-19 17:30,2,1,2019-07-20 17:30,0.0,99.98677968978882,2019-07-21 17:30,0.0,99.98670220375061
997,2019-07-19 21:30,1,2,2019-07-20 21:30,0.0,99.98769760131836,2019-07-21 21:30,0.0,99.98813271522522
998,2019-07-19 22:30,1,1,2019-07-20 22:30,0.0,99.98802542686462,2019-07-21 22:30,0.0,99.98762607574463
999,2019-07-19 23:00,1,2,2019-07-20 23:00,0.0,99.98769760131836,2019-07-21 23:00,0.0,99.98813271522522
1000,2019-07-20 2:00,1,2,2019-07-21 2:00,0.0,99.98769760131836,2019-07-22 2:00,0.0,99.98813271522522
1001,2019-07-20 3:00,2,3,2019-07-21 3:00,0.0,99.9900221824646,2019-07-22 3:00,0.0,99.98994469642639
1002,2019-07-20 3:30,2,3,2019-07-21 3:30,0.0,99.9900221824646,2019-07-22 3:30,0.0,99.98911619186401
1003,2019-07-20 4:30,2,1,2019-07-21 4:30,0.0,99.98390078544617,2019-07-22 4:30,0.0,99.98547434806824
1004,2019-07-20 6:00,1,1,2019-07-21 6:00,0.0,99.98802542686462,2019-07-22 6:00,0.0,99.98762607574463
1005,2019-07-20 10:00,1,3,2019-07-21 10:00,0.0,99.97209310531616,2019-07-22 10:00,0.0,99.97761845588684
1006,2019-07-20 16:00,2,1,2019-07-21 16:00,0.0,99.98707175254822,2019-07-22 16:00,0.0,99.98670220375061
1007,2019-07-20 20:00,2,2,2019-07-21 20:00,0.0,99.98809695243835,2019-07-22 20:00,0.0,99.98912811279297
1008,2019-07-21 2:30,2,2,2019-07-22 2:30,0.0,99.98613595962524,2019-07-23 2:30,0.0,99.98912811279297
1009,2019-07-21 9:00,2,3,2019-07-22 9:00,0.0,99.9900221824646,2019-07-23 9:00,0.0,99.98481273651123
1010,2019-07-21 10:30,2,3,2019-07-22 10:30,0.0,99.9900221824646,2019-07-23 10:30,0.0,99.98481273651123
1011,2019-07-21 12:00,1,1,2019-07-22 12:00,0.0,99.96499419212341,2019-07-23 12:00,0.0,99.9829649925232
1012,2019-07-21 14:00,2,2,2019-07-22 14:00,0.0,99.98809695243835,2019-07-23 14:00,0.0,99.98912811279297
1013,2019-07-21 14:00,2,1,2019-07-22 14:00,0.0,99.97836351394653,2019-07-23 14:00,0.0,99.98547434806824
1014,2019-07-21 18:30,1,1,2019-07-22 18:30,0.0,99.98802542686462,2019-07-23 18:30,0.0,99.98762607574463
1015,2019-07-21 21:00,2,1,2019-07-22 21:00,0.0,99.98544454574585,2019-07-23 21:00,0.0,99.98650550842285
1016,2019-07-21 22:30,1,1,2019-07-22 22:30,0.0,99.98802542686462,2019-07-23 22:30,0.0,99.98701214790344
1017,2019-07-22 0:00,2,3,2019-07-23 0:00,0.0,99.9900221824646,2019-07-24 0:00,0.0,99.98481273651123
1018,2019-07-22 2:30,2,2,2019-07-23 2:30,0.0,99.98809695243835,2019-07-24 2:30,0.0,99.98912811279297
1019,2019-07-22 4:00,2,1,2019-07-23 4:00,0.0,99.98629689216614,2019-07-24 4:00,0.0,99.98650550842285
1020,2019-07-22 5:00,2,1,2019-07-23 5:00,0.0,99.98629689216614,2019-07-24 5:00,0.0,99.98650550842285
1021,2019-07-22 6:00,2,3,2019-07-23 6:00,0.0,99.9900221824646,2019-07-24 6:00,0.0,99.98481273651123
1022,2019-07-22 10:30,1,3,2019-07-23 10:30,0.0,99.97413158416748,2019-07-24 10:30,0.0,99.97761845588684
1023,2019-07-22 11:00,2,2,2019-07-23 11:00,0.0,99.98809695243835,2019-07-24 11:00,0.0,99.98912811279297
1024,2019-07-22 13:00,1,1,2019-07-23 13:00,0.0,99.98802542686462,2019-07-24 13:00,0.0,99.98762607574463
1025,2019-07-22 17:00,2,2,2019-07-23 17:00,0.0,99.98809695243835,2019-07-24 17:00,0.0,99.98912811279297
1026,2019-07-23 0:00,1,3,2019-07-24 0:00,0.0,99.97958540916443,2019-07-25 0:00,0.0,99.96205568313599
1027,2019-07-23 2:00,1,1,2019-07-24 2:00,0.0,99.98009204864502,2019-07-25 2:00,0.0,99.98701214790344
1028,2019-07-23 2:30,2,3,2019-07-24 2:30,0.0,99.9900221824646,2019-07-25 2:30,0.0,99.98481273651123
1029,2019-07-23 3:00,2,1,2019-07-24 3:00,0.0,99.98629689216614,2019-07-25 3:00,0.0,99.98650550842285
1030,2019-07-23 4:00,1,2,2019-07-24 4:00,0.0,99.9835193157196,2019-07-25 4:00,0.0,99.98660683631897
1031,2019-07-23 5:30,1,1,2019-07-24 5:30,0.0,99.97943639755249,2019-07-25 5:30,0.0,99.98701214790344
1032,2019-07-23 8:30,2,2,2019-07-24 8:30,0.0,99.98809695243835,2019-07-25 8:30,0.0,99.98912811279297
1033,2019-07-23 9:00,2,3,2019-07-24 9:00,0.0,99.9900221824646,2019-07-25 9:00,0.0,99.98331069946289
1034,2019-07-23 11:00,2,1,2019-07-24 11:00,0.0,99.98614192008972,2019-07-25 11:00,0.0,99.98547434806824
1035,2019-07-23 15:00,1,3,2019-07-24 15:00,0.0,99.97998476028442,2019-07-25 15:00,0.0,99.96869564056396
1036,2019-07-23 15:30,2,1,2019-07-24 15:30,0.0,99.98707175254822,2019-07-25 15:30,0.0,99.98670220375061
1037,2019-07-23 17:00,2,1,2019-07-24 17:00,0.0,99.98685717582703,2019-07-25 17:00,0.0,99.98670220375061
1038,2019-07-23 17:30,2,1,2019-07-24 17:30,0.0,99.98707175254822,2019-07-25 17:30,0.0,99.98670220375061
1039,2019-07-23 17:30,2,3,2019-07-24 17:30,0.0,99.9900221824646,2019-07-25 17:30,0.0,99.99080300331116
1040,2019-07-23 20:30,1,3,2019-07-24 20:30,0.0,99.9793291091919,2019-07-25 20:30,0.0,99.97495412826538
1041,2019-07-23 22:00,1,2,2019-07-24 22:00,0.0,99.98769760131836,2019-07-25 22:00,0.0,99.98813271522522
1042,2019-07-24 0:00,2,2,2019-07-25 0:00,0.0,99.98809695243835,2019-07-26 0:00,0.0,99.98912811279297
1043,2019-07-24 0:30,1,2,2019-07-25 0:30,0.0,99.98769760131836,2019-07-26 0:30,0.0,99.98761415481567
1044,2019-07-24 1:30,2,2,2019-07-25 1:30,0.0,99.98809695243835,2019-07-26 1:30,0.0,99.98912811279297
1045,2019-07-24 1:30,1,3,2019-07-25 1:30,0.0,99.97853636741638,2019-07-26 1:30,0.0,99.96449947357178
1046,2019-07-24 4:30,1,1,2019-07-25 4:30,0.0,99.97491240501404,2019-07-26 4:30,0.0,99.98701214790344
1047,2019-07-24 6:30,1,2,2019-07-25 6:30,0.0,99.9835193157196,2019-07-26 6:30,0.0,99.98660683631897
1048,2019-07-24 15:30,1,1,2019-07-25 15:30,0.0,99.98802542686462,2019-07-26 15:30,0.0,99.98762607574463
1049,2019-07-24 19:00,1,3,2019-07-25 19:00,0.0,99.9793291091919,2019-07-26 19:00,0.0,99.97227191925049
1050,2019-07-24 21:30,1,1,2019-07-25 21:30,0.0,99.98009204864502,2019-07-26 21:30,0.0,99.98701214790344
1051,2019-07-24 23:30,1,3,2019-07-25 23:30,0.0,99.97958540916443,2019-07-26 23:30,0.0,99.96117353439331
1052,2019-07-25 2:00,2,1,2019-07-26 2:00,0.0,99.98629689216614,2019-07-27 2:00,0.0,99.98650550842285
1053,2019-07-25 2:30,2,2,2019-07-26 2:30,0.0,99.98809695243835,2019-07-27 2:30,0.0,99.98912811279297
1054,2019-07-25 6:30,1,2,2019-07-26 6:30,0.0,99.9835193157196,2019-07-27 6:30,0.0,99.98660683631897
1055,2019-07-25 12:30,1,3,2019-07-26 12:30,0.0,99.62655305862427,2019-07-27 12:30,0.0,99.94664788246155
1056,2019-07-25 18:30,1,2,2019-07-26 18:30,0.0,99.9835193157196,2019-07-27 18:30,0.0,99.98660683631897
1057,2019-07-25 22:00,2,3,2019-07-26 22:00,0.0,99.9900221824646,2019-07-27 22:00,0.0,99.98481273651123
1058,2019-07-26 0:00,2,1,2019-07-27 0:00,0.0,99.98629689216614,2019-07-28 0:00,0.0,99.98650550842285
1059,2019-07-26 1:30,2,1,2019-07-27 1:30,0.0,99.98629689216614,2019-07-28 1:30,0.0,99.98650550842285
1060,2019-07-26 3:30,2,1,2019-07-27 3:30,0.0,99.98629689216614,2019-07-28 3:30,0.0,99.98650550842285
1061,2019-07-26 6:00,1,3,2019-07-27 6:00,0.0,99.97950196266174,2019-07-28 6:00,0.0,99.96832013130188
1062,2019-07-26 7:30,2,1,2019-07-27 7:30,0.0,99.98629689216614,2019-07-28 7:30,0.0,99.98650550842285
1063,2019-07-26 9:00,2,1,2019-07-27 9:00,0.0,99.98629689216614,2019-07-28 9:00,0.0,99.98650550842285
1064,2019-07-26 11:30,1,1,2019-07-27 11:30,0.0,99.97943639755249,2019-07-28 11:30,0.0,99.98701214790344
1065,2019-07-26 16:30,1,2,2019-07-27 16:30,0.0,99.9835193157196,2019-07-28 16:30,0.0,99.98660683631897
1066,2019-07-26 18:00,1,3,2019-07-27 18:00,0.0,99.97958540916443,2019-07-28 18:00,0.0,99.96691942214966
1067,2019-07-26 22:30,2,1,2019-07-27 22:30,0.0,99.98629689216614,2019-07-28 22:30,0.0,99.98650550842285
1068,2019-07-27 5:30,1,2,2019-07-28 5:30,0.0,99.9835193157196,2019-07-29 5:30,0.0,99.98660683631897
1069,2019-07-27 6:00,1,3,2019-07-28 6:00,0.0,99.97572302818298,2019-07-29 6:00,0.0,99.96832013130188
1070,2019-07-27 12:00,2,2,2019-07-28 12:00,0.0,99.98732805252075,2019-07-29 12:00,0.0,99.98912811279297
1071,2019-07-27 17:00,1,2,2019-07-28 17:00,0.0,99.98769760131836,2019-07-29 17:00,0.0,99.98761415481567
1072,2019-07-27 22:00,2,2,2019-07-28 22:00,0.0,99.98685717582703,2019-07-29 22:00,0.0,99.98912811279297
1073,2019-07-27 23:30,1,2,2019-07-28 23:30,0.0,99.9835193157196,2019-07-29 23:30,0.0,99.98660683631897
1074,2019-07-27 23:30,1,1,2019-07-28 23:30,0.0,99.97943639755249,2019-07-29 23:30,0.0,99.98701214790344
1075,2019-07-28 5:00,1,3,2019-07-29 5:00,0.0,99.97572302818298,2019-07-30 5:00,0.0,99.96529221534729
1076,2019-07-28 8:00,2,2,2019-07-29 8:00,0.0,99.98809695243835,2019-07-30 8:00,0.0,99.98912811279297
1077,2019-07-28 13:00,2,2,2019-07-29 13:00,0.0,99.98809695243835,2019-07-30 13:00,0.0,99.98912811279297
1078,2019-07-28 13:30,1,2,2019-07-29 13:30,0.0,99.9835193157196,2019-07-30 13:30,0.0,99.98660683631897
1079,2019-07-28 17:00,1,1,2019-07-29 17:00,0.0,99.96499419212341,2019-07-30 17:00,0.0,99.98586177825928
1080,2019-07-28 17:30,1,3,2019-07-29 17:30,0.0,99.97371435165405,2019-07-30 17:30,0.0,99.97227191925049
1081,2019-07-28 21:00,2,3,2019-07-29 21:00,0.0,99.9900221824646,2019-07-30 21:00,0.0,99.98481273651123
1082,2019-07-28 21:30,2,1,2019-07-29 21:30,0.0,99.98629689216614,2019-07-30 21:30,0.0,99.98650550842285
1083,2019-07-29 0:00,1,2,2019-07-30 0:00,0.0,99.9835193157196,2019-07-31 0:00,0.0,99.98660683631897
1084,2019-07-29 3:00,2,1,2019-07-30 3:00,0.0,99.98408555984497,2019-07-31 3:00,0.0,99.98650550842285
1085,2019-07-29 4:30,1,2,2019-07-30 4:30,0.0,99.98769760131836,2019-07-31 4:30,0.0,99.98761415481567
1086,2019-07-29 6:00,1,1,2019-07-30 6:00,0.0,99.98802542686462,2019-07-31 6:00,0.0,99.98701214790344
1087,2019-07-29 8:30,2,2,2019-07-30 8:30,0.0,99.98809695243835,2019-07-31 8:30,0.0,99.98912811279297
1088,2019-07-29 12:00,2,2,2019-07-30 12:00,0.0,99.98732805252075,2019-07-31 12:00,0.0,99.98912811279297
1089,2019-07-29 12:30,1,1,2019-07-30 12:30,0.0,99.98802542686462,2019-07-31 12:30,0.0,99.98762607574463
1090,2019-07-29 13:30,1,3,2019-07-30 13:30,0.0,99.97998476028442,2019-07-31 13:30,0.0,99.96845126152039
1091,2019-07-29 16:30,1,2,2019-07-30 16:30,0.0,99.98769760131836,2019-07-31 16:30,0.0,99.98813271522522
1092,2019-07-29 19:00,1,1,2019-07-30 19:00,0.0,99.98802542686462,2019-07-31 19:00,0.0,99.98762607574463
1093,2019-07-29 20:00,2,3,2019-07-30 20:00,0.0,99.9900221824646,2019-07-31 20:00,0.0,99.98911619186401
1094,2019-07-29 20:30,1,2,2019-07-30 20:30,0.0,99.98769760131836,2019-07-31 20:30,0.0,99.98761415481567
1095,2019-07-29 21:00,1,2,2019-07-30 21:00,0.0,99.98769760131836,2019-07-31 21:00,0.0,99.98761415481567
1096,2019-07-30 0:30,1,3,2019-07-31 0:30,0.0,99.97819066047668,2019-08-01 0:30,0.0,99.97633099555969
1097,2019-07-30 4:30,1,1,2019-07-31 4:30,0.0,99.98802542686462,2019-08-01 4:30,0.0,99.9829649925232
1098,2019-07-30 8:00,1,2,2019-07-31 8:00,0.0,99.98769760131836,2019-08-01 8:00,0.0,99.98761415481567
1099,2019-07-30 14:30,2,1,2019-07-31 14:30,0.0,99.98583197593689,2019-08-01 14:30,0.0,99.98547434806824
1100,2019-07-30 18:00,2,2,2019-07-31 18:00,0.0,99.98809695243835,2019-08-01 18:00,0.0,99.98912811279297
1101,2019-07-30 18:30,1,3,2019-07-31 18:30,0.0,99.9793291091919,2019-08-01 18:30,0.0,99.97585415840149
1102,2019-07-30 20:30,2,2,2019-07-31 20:30,0.0,99.98809695243835,2019-08-01 20:30,0.0,99.98912811279297
1103,2019-07-31 2:30,2,2,2019-08-01 2:30,0.0,99.98809695243835,2019-08-02 2:30,0.0,99.98912811279297
1104,2019-07-31 3:30,2,2,2019-08-01 3:30,0.0,99.98809695243835,2019-08-02 3:30,0.0,99.98912811279297
1105,2019-07-31 3:30,2,3,2019-08-01 3:30,0.0,99.9900221824646,2019-08-02 3:30,0.0,99.98431205749512
1106,2019-07-31 5:00,1,2,2019-08-01 5:00,0.0,99.98769760131836,2019-08-02 5:00,0.0,99.98761415481567
1107,2019-07-31 6:30,1,3,2019-08-01 6:30,0.0,99.9793291091919,2019-08-02 6:30,0.0,99.97495412826538
1108,2019-07-31 7:00,2,3,2019-08-01 7:00,0.0,99.9900221824646,2019-08-02 7:00,0.0,99.98331069946289
1109,2019-07-31 8:30,2,1,2019-08-01 8:30,0.0,99.98310208320618,2019-08-02 8:30,0.0,99.98650550842285
1110,2019-07-31 8:30,1,1,2019-08-01 8:30,0.0,99.96499419212341,2019-08-02 8:30,0.0,99.9829649925232
1111,2019-07-31 9:00,1,1,2019-08-01 9:00,0.0,99.96499419212341,2019-08-02 9:00,0.0,99.98701214790344
1112,2019-07-31 11:30,2,2,2019-08-01 11:30,0.0,99.98809695243835,2019-08-02 11:30,0.0,99.98912811279297
1113,2019-07-31 19:00,1,3,2019-08-01 19:00,0.0,99.97819066047668,2019-08-02 19:00,0.0,99.97633099555969
1114,2019-07-31 20:00,1,1,2019-08-01 20:00,0.0,99.98009204864502,2019-08-02 20:00,0.0,99.98701214790344
1115,2019-07-31 21:30,2,3,2019-08-01 21:30,0.0,99.9900221824646,2019-08-02 21:30,0.0,99.98481273651123
1116,2019-07-31 22:30,1,2,2019-08-01 22:30,0.0,99.98156428337097,2019-08-02 22:30,0.0,99.98660683631897
1117,2019-08-01 7:00,1,1,2019-08-02 7:00,0.0,99.97943639755249,2019-08-03 7:00,0.0,99.98701214790344
1118,2019-08-01 10:00,1,2,2019-08-02 10:00,0.0,99.98156428337097,2019-08-03 10:00,0.0,99.98660683631897
1119,2019-08-01 14:00,1,2,2019-08-02 14:00,0.0,99.98769760131836,2019-08-03 14:00,0.0,99.98813271522522
1120,2019-08-01 15:30,1,3,2019-08-02 15:30,0.0,99.97949004173279,2019-08-03 15:30,0.0,99.96845126152039
1121,2019-08-01 18:00,2,1,2019-08-02 18:00,0.0,99.98390078544617,2019-08-03 18:00,0.0,99.98547434806824
1122,2019-08-01 18:30,2,1,2019-08-02 18:30,0.0,99.98390078544617,2019-08-03 18:30,0.0,99.98547434806824
1123,2019-08-01 19:30,2,1,2019-08-02 19:30,0.0,99.98021125793457,2019-08-03 19:30,0.0,99.98547434806824
1124,2019-08-01 20:30,1,3,2019-08-02 20:30,0.0,99.9818503856659,2019-08-03 20:30,0.0,99.97633099555969
1125,2019-08-02 0:00,2,2,2019-08-03 0:00,0.0,99.98809695243835,2019-08-04 0:00,0.0,99.98912811279297
1126,2019-08-02 6:00,1,3,2019-08-03 6:00,0.0,99.97958540916443,2019-08-04 6:00,0.0,99.95995163917542
1127,2019-08-02 12:30,2,2,2019-08-03 12:30,0.0,99.98725056648254,2019-08-04 12:30,0.0,99.98912811279297
1128,2019-08-02 16:30,2,1,2019-08-03 16:30,0.0,99.98677968978882,2019-08-04 16:30,0.0,99.98670220375061
1129,2019-08-02 23:00,1,2,2019-08-03 23:00,0.0,99.98769760131836,2019-08-04 23:00,0.0,99.98813271522522
1130,2019-08-03 5:30,2,1,2019-08-04 5:30,0.0,99.98629689216614,2019-08-05 5:30,0.0,99.98650550842285
1131,2019-08-03 7:00,1,3,2019-08-04 7:00,0.0,99.97413158416748,2019-08-05 7:00,0.0,99.95980262756348
1132,2019-08-03 9:00,2,2,2019-08-04 9:00,0.0,99.98732805252075,2019-08-05 9:00,0.0,99.98912811279297
1133,2019-08-03 10:30,2,2,2019-08-04 10:30,0.0,99.98725056648254,2019-08-05 10:30,0.0,99.98785257339478
1134,2019-08-03 10:30,1,1,2019-08-04 10:30,0.0,99.98802542686462,2019-08-05 10:30,0.0,99.98762607574463
1135,2019-08-03 13:30,1,3,2019-08-04 13:30,0.0,99.97949004173279,2019-08-05 13:30,0.0,99.96801018714905
1136,2019-08-03 16:30,2,1,2019-08-04 16:30,0.0,99.98707175254822,2019-08-05 16:30,0.0,99.98547434806824
1137,2019-08-03 18:30,1,2,2019-08-04 18:30,0.0,99.98769760131836,2019-08-05 18:30,0.0,99.98813271522522
1138,2019-08-03 20:30,2,1,2019-08-04 20:30,0.0,99.98677968978882,2019-08-05 20:30,0.0,99.98547434806824
1139,2019-08-03 21:30,2,2,2019-08-04 21:30,0.0,99.98809695243835,2019-08-05 21:30,0.0,99.98912811279297
1140,2019-08-03 23:30,1,1,2019-08-04 23:30,0.0,99.98802542686462,2019-08-05 23:30,0.0,99.9829649925232
1141,2019-08-04 0:00,2,1,2019-08-05 0:00,0.0,99.98677968978882,2019-08-06 0:00,0.0,99.98547434806824
1142,2019-08-04 1:00,2,1,2019-08-05 1:00,0.0,99.98527765274048,2019-08-06 1:00,0.0,99.98547434806824
1143,2019-08-04 1:30,1,2,2019-08-05 1:30,0.0,99.98769760131836,2019-08-06 1:30,0.0,99.98813271522522
1144,2019-08-04 3:30,1,1,2019-08-05 3:30,0.0,99.98802542686462,2019-08-06 3:30,0.0,99.98403191566467
1145,2019-08-04 6:30,1,1,2019-08-05 6:30,0.0,99.98802542686462,2019-08-06 6:30,0.0,99.98701214790344
1146,2019-08-04 6:30,2,3,2019-08-05 6:30,0.0,99.9900221824646,2019-08-06 6:30,0.0,99.98911619186401
1147,2019-08-04 7:00,2,2,2019-08-05 7:00,0.0,99.98809695243835,2019-08-06 7:00,0.0,99.98912811279297
1148,2019-08-04 8:30,1,2,2019-08-05 8:30,0.0,99.98769760131836,2019-08-06 8:30,0.0,99.98813271522522
1149,2019-08-04 14:00,1,2,2019-08-05 14:00,0.0,99.98769760131836,2019-08-06 14:00,0.0,99.98813271522522
1150,2019-08-04 15:00,2,2,2019-08-05 15:00,0.0,99.98698234558105,2019-08-06 15:00,0.0,99.98912811279297
1151,2019-08-04 16:00,1,3,2019-08-05 16:00,0.0,99.98180866241455,2019-08-06 16:00,0.0,99.97848868370056
1152,2019-08-04 16:00,1,1,2019-08-05 16:00,0.0,99.98802542686462,2019-08-06 16:00,0.0,99.98762607574463
1153,2019-08-04 18:30,1,1,2019-08-05 18:30,0.0,99.98802542686462,2019-08-06 18:30,0.0,99.98762607574463
1154,2019-08-04 21:00,2,2,2019-08-05 21:00,0.0,99.98809695243835,2019-08-06 21:00,0.0,99.98912811279297
1155,2019-08-04 21:00,2,3,2019-08-05 21:00,0.0,99.9900221824646,2019-08-06 21:00,0.0,99.98831152915955
1156,2019-08-04 21:00,1,1,2019-08-05 21:00,0.0,99.98802542686462,2019-08-06 21:00,0.0,99.98762607574463
1157,2019-08-05 5:00,1,1,2019-08-06 5:00,0.0,99.98802542686462,2019-08-07 5:00,0.0,99.98701214790344
1158,2019-08-05 5:30,1,1,2019-08-06 5:30,0.0,99.98802542686462,2019-08-07 5:30,0.0,99.98701214790344
1159,2019-08-05 9:00,2,3,2019-08-06 9:00,0.0,99.9900221824646,2019-08-07 9:00,0.0,99.98994469642639
1160,2019-08-06 2:30,1,2,2019-08-07 2:30,0.0,99.98769760131836,2019-08-08 2:30,0.0,99.98813271522522
1161,2019-08-06 4:00,1,1,2019-08-07 4:00,0.0,99.98802542686462,2019-08-08 4:00,0.0,99.98701214790344
1162,2019-08-06 9:00,1,3,2019-08-07 9:00,0.0,99.97423887252808,2019-08-08 9:00,0.0,99.98032450675964
1163,2019-08-07 8:30,2,2,2019-08-08 8:30,0.0,99.98732805252075,2019-08-09 8:30,0.0,99.98912811279297
1164,2019-08-08 1:30,2,1,2019-08-09 1:30,0.0,99.98629689216614,2019-08-10 1:30,0.0,99.98650550842285
1165,2019-08-08 5:00,2,1,2019-08-09 5:00,0.0,99.98629689216614,2019-08-10 5:00,0.0,99.98650550842285
1166,2019-08-08 7:30,2,3,2019-08-09 7:30,0.0,99.9900221824646,2019-08-10 7:30,0.0,99.98331069946289
1167,2019-08-08 10:30,2,2,2019-08-09 10:30,0.0,99.98725056648254,2019-08-10 10:30,0.0,99.98912811279297
1168,2019-08-08 11:00,1,3,2019-08-09 11:00,0.0,99.97998476028442,2019-08-10 11:00,0.0,99.96869564056396
1169,2019-08-08 13:00,2,1,2019-08-09 13:00,0.0,99.98707175254822,2019-08-10 13:00,0.0,99.98670220375061
1170,2019-08-08 17:30,1,1,2019-08-09 17:30,0.0,99.98802542686462,2019-08-10 17:30,0.0,99.98762607574463
1171,2019-08-08 18:30,2,2,2019-08-09 18:30,0.0,99.98809695243835,2019-08-10 18:30,0.0,99.98912811279297
1172,2019-08-08 20:30,1,3,2019-08-09 20:30,0.0,99.9793291091919,2019-08-10 20:30,0.0,99.97495412826538
1173,2019-08-08 22:30,2,2,2019-08-09 22:30,0.0,99.98809695243835,2019-08-10 22:30,0.0,99.98912811279297
1174,2019-08-09 0:00,1,2,2019-08-10 0:00,0.0,99.98769760131836,2019-08-11 0:00,0.0,99.98761415481567
1175,2019-08-09 0:30,1,3,2019-08-10 0:30,0.0,99.97819066047668,2019-08-11 0:30,0.0,99.97371435165405
1176,2019-08-09 0:30,1,2,2019-08-10 0:30,0.0,99.98769760131836,2019-08-11 0:30,0.0,99.98761415481567
1177,2019-08-09 1:00,2,2,2019-08-10 1:00,0.0,99.98809695243835,2019-08-11 1:00,0.0,99.98912811279297
1178,2019-08-09 3:30,1,2,2019-08-10 3:30,0.0,99.98769760131836,2019-08-11 3:30,0.0,99.98761415481567
1179,2019-08-09 5:30,1,3,2019-08-10 5:30,0.0,99.97958540916443,2019-08-11 5:30,0.0,99.83822107315063
1180,2019-08-09 8:00,2,2,2019-08-10 8:00,0.0,99.98732805252075,2019-08-11 8:00,0.0,99.98912811279297
1181,2019-08-09 12:00,2,3,2019-08-10 12:00,0.0,99.9900221824646,2019-08-11 12:00,0.0,99.99080300331116
1182,2019-08-09 12:30,2,1,2019-08-10 12:30,0.0,99.98707175254822,2019-08-11 12:30,0.0,99.98670220375061
1183,2019-08-09 14:30,2,3,2019-08-10 14:30,0.0,99.9900221824646,2019-08-11 14:30,0.0,99.99080300331116
1184,2019-08-09 23:30,1,1,2019-08-10 23:30,0.0,99.98802542686462,2019-08-11 23:30,0.0,99.98701214790344
1185,2019-08-10 0:30,1,1,2019-08-11 0:30,0.0,99.98802542686462,2019-08-12 0:30,0.0,99.98701214790344
1186,2019-08-10 1:00,2,3,2019-08-11 1:00,0.0,99.9900221824646,2019-08-12 1:00,0.0,99.98481273651123
1187,2019-08-10 2:00,1,2,2019-08-11 2:00,0.0,99.98769760131836,2019-08-12 2:00,0.0,99.98761415481567
1188,2019-08-10 15:00,1,2,2019-08-11 15:00,0.0,99.98769760131836,2019-08-12 15:00,0.0,99.98813271522522
1189,2019-08-10 19:00,1,2,2019-08-11 19:00,0.0,99.98769760131836,2019-08-12 19:00,0.0,99.98813271522522
1190,2019-08-10 19:30,2,2,2019-08-11 19:30,0.0,99.98698234558105,2019-08-12 19:30,0.0,99.98912811279297
1191,2019-08-11 0:30,2,2,2019-08-12 0:30,0.0,99.98776912689209,2019-08-13 0:30,0.0,99.98912811279297
1192,2019-08-11 1:00,1,3,2019-08-12 1:00,0.0,99.98180866241455,2019-08-13 1:00,0.0,99.96916651725769
1193,2019-08-11 2:00,1,3,2019-08-12 2:00,0.0,99.98180866241455,2019-08-13 2:00,0.0,99.96916651725769
1194,2019-08-11 3:00,2,2,2019-08-12 3:00,0.0,99.98776912689209,2019-08-13 3:00,0.0,99.98912811279297
1195,2019-08-11 3:30,2,2,2019-08-12 3:30,0.0,99.98776912689209,2019-08-13 3:30,0.0,99.98912811279297
1196,2019-08-11 3:30,1,3,2019-08-12 3:30,0.0,99.97632503509521,2019-08-13 3:30,0.0,99.96745586395264
1197,2019-08-11 4:00,1,2,2019-08-12 4:00,0.0,99.98769760131836,2019-08-13 4:00,0.0,99.98813271522522
1198,2019-08-11 8:30,1,2,2019-08-12 8:30,0.0,99.98769760131836,2019-08-13 8:30,0.0,99.98813271522522
1199,2019-08-11 9:00,2,2,2019-08-12 9:00,0.0,99.98698234558105,2019-08-13 9:00,0.0,99.98912811279297
1200,2019-08-11 13:30,2,1,2019-08-12 13:30,0.0,99.98748302459717,2019-08-13 13:30,0.0,99.98670220375061
1201,2019-08-11 14:00,2,1,2019-08-12 14:00,0.0,99.98748302459717,2019-08-13 14:00,0.0,99.98670220375061
1202,2019-08-11 16:30,2,1,2019-08-12 16:30,0.0,99.98748302459717,2019-08-13 16:30,0.0,99.98670220375061
1203,2019-08-11 21:00,1,2,2019-08-12 21:00,0.0,99.98769760131836,2019-08-13 21:00,0.0,99.98813271522522
1204,2019-08-12 1:30,1,2,2019-08-13 1:30,0.0,99.98769760131836,2019-08-14 1:30,0.0,99.98761415481567
1205,2019-08-12 1:30,2,2,2019-08-13 1:30,0.0,99.98613595962524,2019-08-14 1:30,0.0,99.98912811279297
1206,2019-08-12 2:30,2,3,2019-08-13 2:30,0.0,99.9900221824646,2019-08-14 2:30,0.0,99.98481273651123
1207,2019-08-12 4:30,1,1,2019-08-13 4:30,0.0,99.98802542686462,2019-08-14 4:30,0.0,99.98701214790344
1208,2019-08-12 5:00,2,2,2019-08-13 5:00,0.0,99.98613595962524,2019-08-14 5:00,0.0,99.98912811279297
1209,2019-08-12 9:00,2,2,2019-08-13 9:00,0.0,99.98613595962524,2019-08-14 9:00,0.0,99.98912811279297
1210,2019-08-12 16:00,1,1,2019-08-13 16:00,0.0,99.96499419212341,2019-08-14 16:00,0.0,99.98762607574463
1211,2019-08-12 17:00,2,1,2019-08-13 17:00,0.0,99.97836351394653,2019-08-14 17:00,0.0,99.98547434806824
1212,2019-08-12 17:00,1,2,2019-08-13 17:00,0.0,99.98769760131836,2019-08-14 17:00,0.0,99.98761415481567
1213,2019-08-12 17:30,1,2,2019-08-13 17:30,0.0,99.98769760131836,2019-08-14 17:30,0.0,99.98761415481567
1214,2019-08-12 17:30,2,1,2019-08-13 17:30,0.0,99.97836351394653,2019-08-14 17:30,0.0,99.98547434806824
1215,2019-08-12 18:00,2,3,2019-08-13 18:00,0.0,99.9900221824646,2019-08-14 18:00,0.0,99.9876618385315
1216,2019-08-12 18:00,1,2,2019-08-13 18:00,0.0,99.98769760131836,2019-08-14 18:00,0.0,99.98761415481567
1217,2019-08-13 6:00,1,2,2019-08-14 6:00,0.0,99.98769760131836,2019-08-15 6:00,0.0,99.98761415481567
1218,2019-08-13 9:30,2,2,2019-08-14 9:30,0.0,99.98732805252075,2019-08-15 9:30,0.0,99.98912811279297
1219,2019-08-13 10:30,2,2,2019-08-14 10:30,0.0,99.98725056648254,2019-08-15 10:30,0.0,99.98912811279297
1220,2019-08-14 1:30,1,1,2019-08-15 1:30,0.0,99.98802542686462,2019-08-16 1:30,0.0,99.98701214790344
1221,2019-08-14 3:30,2,2,2019-08-15 3:30,0.0,99.98809695243835,2019-08-16 3:30,0.0,99.98912811279297
1222,2019-08-14 5:30,1,2,2019-08-15 5:30,0.0,99.98769760131836,2019-08-16 5:30,0.0,99.98761415481567
1223,2019-08-14 5:30,1,1,2019-08-15 5:30,0.0,99.98802542686462,2019-08-16 5:30,0.0,99.98701214790344
1224,2019-08-14 5:30,2,1,2019-08-15 5:30,0.0,99.98629689216614,2019-08-16 5:30,0.0,99.98650550842285
1225,2019-08-15 0:30,1,2,2019-08-16 0:30,0.0,99.98769760131836,2019-08-17 0:30,0.0,99.98813271522522
1226,2019-08-15 3:30,2,1,2019-08-16 3:30,0.0,99.98677968978882,2019-08-17 3:30,0.0,99.98547434806824
1227,2019-08-15 4:30,1,2,2019-08-16 4:30,0.0,99.98769760131836,2019-08-17 4:30,0.0,99.98813271522522
1228,2019-08-15 6:00,2,2,2019-08-16 6:00,0.0,99.98809695243835,2019-08-17 6:00,0.0,99.98912811279297
1229,2019-08-15 6:00,2,1,2019-08-16 6:00,0.0,99.98677968978882,2019-08-17 6:00,0.0,99.98547434806824
1230,2019-08-15 7:00,1,2,2019-08-16 7:00,0.0,99.98769760131836,2019-08-17 7:00,0.0,99.98813271522522
1231,2019-08-15 9:30,1,1,2019-08-16 9:30,0.0,99.98802542686462,2019-08-17 9:30,0.0,99.98762607574463
1232,2019-08-15 10:00,2,1,2019-08-16 10:00,0.0,99.98677968978882,2019-08-17 10:00,0.0,99.98547434806824
1233,2019-08-16 3:30,1,1,2019-08-17 3:30,0.0,99.98802542686462,2019-08-18 3:30,0.0,99.98447895050049
1234,2019-08-16 4:00,1,2,2019-08-17 4:00,0.0,99.98769760131836,2019-08-18 4:00,0.0,99.98813271522522
1235,2019-08-16 4:30,1,1,2019-08-17 4:30,0.0,99.98802542686462,2019-08-18 4:30,0.0,99.98701214790344
1236,2019-08-16 5:30,1,3,2019-08-17 5:30,0.0,99.97853636741638,2019-08-18 5:30,0.0,99.92481470108032
1237,2019-08-16 10:00,1,1,2019-08-17 10:00,0.0,99.98802542686462,2019-08-18 10:00,0.0,99.98762607574463
1238,2019-08-16 18:30,2,3,2019-08-17 18:30,0.0,99.9900221824646,2019-08-18 18:30,0.0,99.99032616615295
1239,2019-08-16 20:30,2,2,2019-08-17 20:30,0.0,99.98809695243835,2019-08-18 20:30,0.0,99.98912811279297
1240,2019-08-16 21:00,2,2,2019-08-17 21:00,0.0,99.98809695243835,2019-08-18 21:00,0.0,99.98912811279297
1241,2019-08-16 22:00,1,1,2019-08-17 22:00,0.0,99.98802542686462,2019-08-18 22:00,0.0,99.98447895050049
1242,2019-08-16 22:30,1,1,2019-08-17 22:30,0.0,99.98802542686462,2019-08-18 22:30,0.0,99.98447895050049
1243,2019-08-17 2:00,1,3,2019-08-18 2:00,0.0,99.97958540916443,2019-08-19 2:00,0.0,99.90992546081543
1244,2019-08-17 8:00,1,3,2019-08-18 8:00,0.0,99.97209310531616,2019-08-19 8:00,0.0,99.68808889389038
1245,2019-08-17 12:00,2,3,2019-08-18 12:00,0.0,99.9900221824646,2019-08-19 12:00,0.0,99.98994469642639
1246,2019-08-17 21:30,2,1,2019-08-18 21:30,0.0,99.98742938041687,2019-08-19 21:30,0.0,99.97630715370178
1247,2019-08-17 22:00,2,1,2019-08-18 22:00,0.0,99.98742938041687,2019-08-19 22:00,0.0,99.97630715370178
1248,2019-08-17 23:30,1,3,2019-08-18 23:30,0.0,99.97958540916443,2019-08-19 23:30,0.0,99.97515678405762
1249,2019-08-18 2:00,1,3,2019-08-19 2:00,0.0,99.96947050094604,2019-08-20 2:00,0.0,99.96792674064636
1250,2019-08-18 2:30,2,3,2019-08-19 2:30,0.0,99.9900221824646,2019-08-20 2:30,0.0,99.99069571495056
1251,2019-08-18 3:00,1,1,2019-08-19 3:00,0.0,99.98458623886108,2019-08-20 3:00,0.0,99.9859631061554
1252,2019-08-18 6:30,2,1,2019-08-19 6:30,0.0,99.9629557132721,2019-08-20 6:30,0.0,99.96633529663086
1253,2019-08-18 7:30,2,1,2019-08-19 7:30,0.0,99.9843955039978,2019-08-20 7:30,0.0,99.97897148132324
1254,2019-08-18 12:30,2,3,2019-08-19 12:30,0.0,99.9900221824646,2019-08-20 12:30,0.0,99.99080300331116
1255,2019-08-18 16:30,2,1,2019-08-19 16:30,0.0,99.98748302459717,2019-08-20 16:30,0.0,99.98670220375061
1256,2019-08-18 17:30,2,1,2019-08-19 17:30,0.0,99.98748302459717,2019-08-20 17:30,0.0,99.98670220375061
1257,2019-08-18 20:00,1,3,2019-08-19 20:00,0.0,99.97209310531616,2019-08-20 20:00,0.0,99.97375011444092
1258,2019-08-18 20:30,1,1,2019-08-19 20:30,0.0,99.98802542686462,2019-08-20 20:30,0.0,99.98762607574463
1259,2019-08-18 21:00,1,1,2019-08-19 21:00,0.0,99.98802542686462,2019-08-20 21:00,0.0,99.98762607574463
1260,2019-08-19 2:30,1,1,2019-08-20 2:30,0.0,99.98458623886108,2019-08-21 2:30,0.0,99.9832272529602
1261,2019-08-19 3:00,2,3,2019-08-20 3:00,0.0,99.9900221824646,2019-08-21 3:00,0.0,99.99069571495056
1262,2019-08-19 3:00,1,3,2019-08-20 3:00,0.0,99.96947050094604,2019-08-21 3:00,0.0,99.96792674064636
1263,2019-08-19 11:00,2,2,2019-08-20 11:00,0.0,99.98725056648254,2019-08-21 11:00,0.0,99.98785257339478
1264,2019-08-19 14:00,1,2,2019-08-20 14:00,0.0,99.98769760131836,2019-08-21 14:00,0.0,99.98813271522522
1265,2019-08-19 15:30,2,2,2019-08-20 15:30,0.0,99.98698234558105,2019-08-21 15:30,0.0,99.98912811279297
1266,2019-08-19 15:30,2,1,2019-08-20 15:30,0.0,99.98748302459717,2019-08-21 15:30,0.0,99.98670220375061
1267,2019-08-19 16:30,1,3,2019-08-20 16:30,0.0,99.9791145324707,2019-08-21 16:30,0.0,99.98077154159546
1268,2019-08-19 22:30,2,1,2019-08-20 22:30,0.0,99.9843955039978,2019-08-21 22:30,0.0,99.98650550842285
1269,2019-08-20 2:30,1,1,2019-08-21 2:30,0.0,99.98802542686462,2019-08-22 2:30,0.0,99.98447895050049
1270,2019-08-20 3:00,1,3,2019-08-21 3:00,0.0,99.97958540916443,2019-08-22 3:00,0.0,99.96575713157654
1271,2019-08-20 8:00,1,3,2019-08-21 8:00,0.0,99.9641478061676,2019-08-22 8:00,0.0,99.29459691047668
1272,2019-08-20 16:30,1,1,2019-08-21 16:30,0.0,99.98802542686462,2019-08-22 16:30,0.0,99.98762607574463
1273,2019-08-20 17:30,1,3,2019-08-21 17:30,0.0,99.98180866241455,2019-08-22 17:30,0.0,99.97618198394775
1274,2019-08-20 19:30,2,1,2019-08-21 19:30,0.0,99.98748302459717,2019-08-22 19:30,0.0,99.98670220375061
1275,2019-08-20 23:30,2,1,2019-08-21 23:30,0.0,99.98677968978882,2019-08-22 23:30,0.0,99.98670220375061
1276,2019-08-21 2:30,2,3,2019-08-22 2:30,0.0,99.9900221824646,2019-08-23 2:30,0.0,99.99080300331116
1277,2019-08-21 10:30,2,3,2019-08-22 10:30,0.0,99.9900221824646,2019-08-23 10:30,0.0,99.99080300331116
1278,2019-08-21 13:00,2,2,2019-08-22 13:00,0.0,99.98725056648254,2019-08-23 13:00,0.0,99.98785257339478
1279,2019-08-21 13:00,1,1,2019-08-22 13:00,0.0,99.98802542686462,2019-08-23 13:00,0.0,99.98762607574463
1280,2019-08-21 14:00,2,1,2019-08-22 14:00,0.0,99.98748302459717,2019-08-23 14:00,0.0,99.98670220375061
1281,2019-08-21 14:30,2,1,2019-08-22 14:30,0.0,99.98748302459717,2019-08-23 14:30,0.0,99.98670220375061
1282,2019-08-21 15:00,2,3,2019-08-22 15:00,0.0,99.9900221824646,2019-08-23 15:00,0.0,99.99080300331116
1283,2019-08-22 1:00,2,3,2019-08-23 1:00,0.0,99.9900221824646,2019-08-24 1:00,0.0,99.98831152915955
1284,2019-08-22 2:30,1,2,2019-08-23 2:30,0.0,99.98769760131836,2019-08-24 2:30,0.0,99.98813271522522
1285,2019-08-22 3:30,2,1,2019-08-23 3:30,0.0,99.98310208320618,2019-08-24 3:30,0.0,99.98650550842285
1286,2019-08-22 4:00,2,1,2019-08-23 4:00,0.0,99.97836351394653,2019-08-24 4:00,0.0,99.98547434806824
1287,2019-08-22 5:30,1,3,2019-08-23 5:30,0.0,99.97853636741638,2019-08-24 5:30,0.0,99.8711347579956
1288,2019-08-22 6:30,2,2,2019-08-23 6:30,0.0,99.98809695243835,2019-08-24 6:30,0.0,99.98912811279297
1289,2019-08-22 7:00,2,3,2019-08-23 7:00,0.0,99.9900221824646,2019-08-24 7:00,0.0,99.98911619186401
1290,2019-08-22 9:30,1,3,2019-08-23 9:30,0.0,99.97413158416748,2019-08-24 9:30,0.0,99.95291233062744
1291,2019-08-22 12:00,2,2,2019-08-23 12:00,0.0,99.98732805252075,2019-08-24 12:00,0.0,99.98912811279297
1292,2019-08-22 12:30,1,3,2019-08-23 12:30,0.0,99.97998476028442,2019-08-24 12:30,0.0,99.96845126152039
1293,2019-08-22 14:30,1,3,2019-08-23 14:30,0.0,99.97769594192505,2019-08-24 14:30,0.0,99.9708354473114
1294,2019-08-22 16:00,1,2,2019-08-23 16:00,0.0,99.98769760131836,2019-08-24 16:00,0.0,99.98813271522522
1295,2019-08-22 16:30,1,1,2019-08-23 16:30,0.0,99.98802542686462,2019-08-24 16:30,0.0,99.98762607574463
1296,2019-08-22 16:30,2,3,2019-08-23 16:30,0.0,99.9900221824646,2019-08-24 16:30,0.0,99.99080300331116
1297,2019-08-22 17:30,2,2,2019-08-23 17:30,0.0,99.98698234558105,2019-08-24 17:30,0.0,99.98912811279297
1298,2019-08-22 19:30,2,1,2019-08-23 19:30,0.0,99.98655915260315,2019-08-24 19:30,0.0,99.98670220375061
1299,2019-08-22 20:30,1,2,2019-08-23 20:30,0.0,99.98769760131836,2019-08-24 20:30,0.0,99.98813271522522
1300,2019-08-22 20:30,2,3,2019-08-23 20:30,0.0,99.9900221824646,2019-08-24 20:30,0.0,99.9898374080658
1301,2019-08-23 2:00,1,1,2019-08-24 2:00,0.0,99.98802542686462,2019-08-25 2:00,0.0,99.98447895050049
1302,2019-08-23 5:00,1,3,2019-08-24 5:00,0.0,99.97413158416748,2019-08-25 5:00,0.0,99.97977018356323
1303,2019-08-23 15:30,2,2,2019-08-24 15:30,0.0,99.98725056648254,2019-08-25 15:30,0.0,99.98912811279297
1304,2019-08-23 17:30,1,2,2019-08-24 17:30,0.0,99.98769760131836,2019-08-25 17:30,0.0,99.98813271522522
1305,2019-08-23 20:00,2,2,2019-08-24 20:00,0.0,99.98776912689209,2019-08-25 20:00,0.0,99.98912811279297
1306,2019-08-24 2:30,1,3,2019-08-25 2:30,0.0,99.9821424484253,2019-08-26 2:30,0.0,99.98143911361694
1307,2019-08-24 3:00,2,1,2019-08-25 3:00,0.0,99.96800422668457,2019-08-26 3:00,0.0,99.97766017913818
1308,2019-08-24 5:00,1,1,2019-08-25 5:00,0.0,99.98802542686462,2019-08-26 5:00,0.0,99.98762607574463
1309,2019-08-24 6:00,1,1,2019-08-25 6:00,0.0,99.98802542686462,2019-08-26 6:00,0.0,99.9829649925232
1310,2019-08-24 8:00,1,1,2019-08-25 8:00,0.0,99.98802542686462,2019-08-26 8:00,0.0,99.98762607574463
1311,2019-08-24 8:30,1,2,2019-08-25 8:30,0.0,99.98769760131836,2019-08-26 8:30,0.0,99.98813271522522
1312,2019-08-24 9:00,2,2,2019-08-25 9:00,0.0,99.98809695243835,2019-08-26 9:00,0.0,99.98912811279297
1313,2019-08-24 10:00,2,1,2019-08-25 10:00,0.0,99.97836351394653,2019-08-26 10:00,0.0,99.98547434806824
1314,2019-08-24 12:30,2,1,2019-08-25 12:30,0.0,99.98707175254822,2019-08-26 12:30,0.0,99.98547434806824
1315,2019-08-24 13:30,2,1,2019-08-25 13:30,0.0,99.98707175254822,2019-08-26 13:30,0.0,99.98670220375061
1316,2019-08-24 16:30,1,2,2019-08-25 16:30,0.0,99.98769760131836,2019-08-26 16:30,0.0,99.98813271522522
1317,2019-08-24 18:00,1,2,2019-08-25 18:00,0.0,99.98769760131836,2019-08-26 18:00,0.0,99.98813271522522
1318,2019-08-24 18:30,2,2,2019-08-25 18:30,0.0,99.98698234558105,2019-08-26 18:30,0.0,99.98912811279297
1319,2019-08-24 20:00,2,3,2019-08-25 20:00,0.0,99.9900221824646,2019-08-26 20:00,0.0,99.99080300331116
1320,2019-08-24 21:00,1,2,2019-08-25 21:00,0.0,99.98769760131836,2019-08-26 21:00,0.0,99.98813271522522
1321,2019-08-25 2:30,2,2,2019-08-26 2:30,0.0,99.98809695243835,2019-08-27 2:30,0.0,99.98912811279297
1322,2019-08-25 3:30,1,2,2019-08-26 3:30,0.0,99.98723268508911,2019-08-27 3:30,0.0,99.98557567596436
1323,2019-08-25 8:00,2,2,2019-08-26 8:00,0.0,99.98732805252075,2019-08-27 8:00,0.0,99.98912811279297
1324,2019-08-25 8:30,2,2,2019-08-26 8:30,0.0,99.98725056648254,2019-08-27 8:30,0.0,99.98912811279297
1325,2019-08-25 13:00,2,1,2019-08-26 13:00,0.0,99.98748302459717,2019-08-27 13:00,0.0,99.98670220375061
1326,2019-08-25 17:00,2,2,2019-08-26 17:00,0.0,99.98698234558105,2019-08-27 17:00,0.0,99.98912811279297
1327,2019-08-26 0:00,1,3,2019-08-27 0:00,0.0,99.97329711914062,2019-08-28 0:00,0.0,99.97232556343079
1328,2019-08-26 1:00,2,1,2019-08-27 1:00,0.0,99.9535858631134,2019-08-28 1:00,0.0,99.97758865356445
1329,2019-08-26 1:00,2,2,2019-08-27 1:00,0.0,99.98809695243835,2019-08-28 1:00,0.0,99.98912811279297
1330,2019-08-26 2:00,1,3,2019-08-27 2:00,0.0,99.77591633796692,2019-08-28 2:00,0.0,99.95841383934021
1331,2019-08-26 7:00,1,3,2019-08-27 7:00,0.0,99.9571144580841,2019-08-28 7:00,0.0,99.94534254074097
1332,2019-08-26 7:30,1,1,2019-08-27 7:30,0.0,99.98802542686462,2019-08-28 7:30,0.0,99.98762607574463
1333,2019-08-26 16:00,2,1,2019-08-27 16:00,0.0,99.98748302459717,2019-08-28 16:00,0.0,99.98670220375061
1334,2019-08-26 17:00,1,3,2019-08-27 17:00,0.0,99.97042417526245,2019-08-28 17:00,0.0,99.98241662979126
1335,2019-08-27 1:30,2,2,2019-08-28 1:30,0.0,99.98809695243835,2019-08-29 1:30,0.0,99.98912811279297
1336,2019-08-27 6:30,2,2,2019-08-28 6:30,0.0,99.98809695243835,2019-08-29 6:30,0.0,99.98912811279297
1337,2019-08-27 7:00,2,3,2019-08-28 7:00,0.0,99.9900221824646,2019-08-29 7:00,0.0,99.99069571495056
1338,2019-08-27 7:30,2,1,2019-08-28 7:30,0.0,99.96800422668457,2019-08-29 7:30,0.0,99.96770024299622
1339,2019-08-27 10:30,1,2,2019-08-28 10:30,0.0,99.98769760131836,2019-08-29 10:30,0.0,99.98813271522522
1340,2019-08-27 11:00,1,3,2019-08-28 11:00,0.0,99.59211349487305,2019-08-29 11:00,0.0,99.35557246208191
1341,2019-08-27 12:00,1,3,2019-08-28 12:00,0.0,99.9641478061676,2019-08-29 12:00,0.0,99.87115263938904
1342,2019-08-27 12:30,1,1,2019-08-28 12:30,0.0,99.98802542686462,2019-08-29 12:30,0.0,99.98762607574463
1343,2019-08-27 13:00,2,1,2019-08-28 13:00,0.0,99.98707175254822,2019-08-29 13:00,0.0,99.98670220375061
1344,2019-08-27 18:30,1,1,2019-08-28 18:30,0.0,99.98802542686462,2019-08-29 18:30,0.0,99.98762607574463
1345,2019-08-28 0:00,1,2,2019-08-29 0:00,0.0,99.98769760131836,2019-08-30 0:00,0.0,99.98813271522522
1346,2019-08-28 0:00,2,1,2019-08-29 0:00,0.0,99.9843955039978,2019-08-30 0:00,0.0,99.98650550842285
1347,2019-08-28 0:00,2,2,2019-08-29 0:00,0.0,99.98809695243835,2019-08-30 0:00,0.0,99.98912811279297
1348,2019-08-28 0:00,2,3,2019-08-29 0:00,0.0,99.9900221824646,2019-08-30 0:00,0.0,99.99069571495056
1349,2019-08-28 0:30,1,1,2019-08-29 0:30,0.0,99.98802542686462,2019-08-30 0:30,0.0,99.98701214790344
1350,2019-08-28 0:30,2,3,2019-08-29 0:30,0.0,99.9900221824646,2019-08-30 0:30,0.0,99.99069571495056
1351,2019-08-28 3:00,2,2,2019-08-29 3:00,0.0,99.98809695243835,2019-08-30 3:00,0.0,99.98912811279297
1352,2019-08-28 3:30,2,2,2019-08-29 3:30,0.0,99.98809695243835,2019-08-30 3:30,0.0,99.98912811279297
1353,2019-08-28 4:30,2,1,2019-08-29 4:30,0.0,99.98544454574585,2019-08-30 4:30,0.0,99.97530579566956
1354,2019-08-28 7:00,1,3,2019-08-29 7:00,0.0,99.93616342544556,2019-08-30 7:00,0.0,99.95635151863098
1355,2019-08-28 8:00,1,2,2019-08-29 8:00,0.0,99.98769760131836,2019-08-30 8:00,0.0,99.98761415481567
1356,2019-08-28 13:30,2,3,2019-08-29 13:30,0.0,99.9900221824646,2019-08-30 13:30,0.0,99.99080300331116
1357,2019-08-28 13:30,1,3,2019-08-29 13:30,0.0,99.9791145324707,2019-08-30 13:30,0.0,99.96961951255798
1358,2019-08-28 15:00,1,2,2019-08-29 15:00,0.0,99.98769760131836,2019-08-30 15:00,0.0,99.98813271522522
1359,2019-08-28 21:00,2,3,2019-08-29 21:00,0.0,99.9900221824646,2019-08-30 21:00,0.0,99.99069571495056
1360,2019-08-29 0:00,1,3,2019-08-30 0:00,0.0,99.97958540916443,2019-08-31 0:00,0.0,99.97400641441345
1361,2019-08-29 8:00,1,2,2019-08-30 8:00,0.0,99.9835193157196,2019-08-31 8:00,0.0,99.98660683631897
1362,2019-08-29 10:30,1,2,2019-08-30 10:30,0.0,99.98769760131836,2019-08-31 10:30,0.0,99.98761415481567
1363,2019-08-29 11:30,2,3,2019-08-30 11:30,0.0,99.9900221824646,2019-08-31 11:30,0.0,99.9890923500061
1364,2019-08-29 15:00,1,2,2019-08-30 15:00,0.0,99.98769760131836,2019-08-31 15:00,0.0,99.98813271522522
1365,2019-08-30 6:00,2,2,2019-08-31 6:00,0.0,99.98809695243835,2019-09-01 6:00,0.0,99.98912811279297
1366,2019-08-30 8:00,2,2,2019-08-31 8:00,0.0,99.98725056648254,2019-09-01 8:00,0.0,99.98912811279297
1367,2019-08-31 0:00,1,3,2019-09-01 0:00,0.0,99.38810467720032,2019-09-02 0:00,0.0,99.94402527809143
1368,2019-08-31 0:30,2,3,2019-09-01 0:30,0.0,99.9900221824646,2019-09-02 0:30,0.0,99.9890923500061
1369,2019-08-31 1:00,2,1,2019-09-01 1:00,0.0,99.94125366210938,2019-09-02 1:00,0.0,99.94765520095825
1370,2019-08-31 3:00,2,2,2019-09-01 3:00,0.0,99.98809695243835,2019-09-02 3:00,0.0,99.98912811279297
1371,2019-08-31 4:30,2,1,2019-09-01 4:30,0.0,99.9535858631134,2019-09-02 4:30,0.0,99.95137453079224
1372,2019-08-31 5:00,1,3,2019-09-01 5:00,0.0,99.9215304851532,2019-09-02 5:00,0.0,99.97205138206482
1373,2019-09-01 0:30,1,2,2019-09-02 0:30,0.0,99.98723268508911,2019-09-03 0:30,0.0,99.98557567596436
1374,2019-09-01 0:30,1,3,2019-09-02 0:30,0.0,99.9643325805664,2019-09-03 0:30,0.0,99.9563455581665
1375,2019-09-01 1:30,2,3,2019-09-02 1:30,0.0,99.9900221824646,2019-09-03 1:30,0.0,99.9890923500061
1376,2019-09-01 2:30,1,2,2019-09-02 2:30,0.0,99.98723268508911,2019-09-03 2:30,0.0,99.98557567596436
1377,2019-09-01 3:30,1,3,2019-09-02 3:30,0.0,99.97105002403259,2019-09-03 3:30,0.0,99.94861483573914
1378,2019-09-01 5:00,2,2,2019-09-02 5:00,0.0,99.98809695243835,2019-09-03 5:00,0.0,99.98912811279297
1379,2019-09-01 7:00,1,3,2019-09-02 7:00,0.0,99.96815919876099,2019-09-03 7:00,0.0,99.8586654663086
1380,2019-09-02 1:30,2,1,2019-09-03 1:30,0.0,99.94722008705139,2019-09-04 1:30,0.0,99.95137453079224
1381,2019-09-02 7:30,2,2,2019-09-03 7:30,0.0,99.98809695243835,2019-09-04 7:30,0.0,99.98912811279297
1382,2019-09-02 10:30,1,1,2019-09-03 10:30,0.0,99.98802542686462,2019-09-04 10:30,0.0,99.98762607574463
1383,2019-09-02 11:30,1,3,2019-09-03 11:30,0.0,99.9740719795227,2019-09-04 11:30,0.0,99.92921948432922
1384,2019-09-02 15:30,1,2,2019-09-03 15:30,0.0,99.98769760131836,2019-09-04 15:30,0.0,99.98813271522522
1385,2019-09-03 0:30,2,2,2019-09-04 0:30,0.0,99.98809695243835,2019-09-05 0:30,0.0,99.98912811279297
1386,2019-09-03 6:30,1,2,2019-09-04 6:30,0.0,99.98769760131836,2019-09-05 6:30,0.0,99.98761415481567
1387,2019-09-03 7:30,2,3,2019-09-04 7:30,0.0,99.9900221824646,2019-09-05 7:30,0.0,99.98911619186401
1388,2019-09-03 8:30,2,2,2019-09-04 8:30,0.0,99.98809695243835,2019-09-05 8:30,0.0,99.98912811279297
1389,2019-09-03 9:30,1,2,2019-09-04 9:30,0.0,99.98769760131836,2019-09-05 9:30,0.0,99.98813271522522
1390,2019-09-03 11:30,1,3,2019-09-04 11:30,0.0,99.96476769447327,2019-09-05 11:30,0.0,99.9058485031128
1391,2019-09-03 12:30,1,1,2019-09-04 12:30,0.0,99.98802542686462,2019-09-05 12:30,0.0,99.98762607574463
1392,2019-09-03 14:30,2,2,2019-09-04 14:30,0.0,99.98732805252075,2019-09-05 14:30,0.0,99.98912811279297
1393,2019-09-03 18:30,2,1,2019-09-04 18:30,0.0,99.98390078544617,2019-09-05 18:30,0.0,99.98547434806824
1394,2019-09-03 19:00,1,3,2019-09-04 19:00,0.0,99.93862509727478,2019-09-05 19:00,0.0,99.96584057807922
1395,2019-09-04 0:30,2,2,2019-09-05 0:30,0.0,99.98809695243835,2019-09-06 0:30,0.0,99.98912811279297
1396,2019-09-04 1:00,1,1,2019-09-05 1:00,0.0,99.98802542686462,2019-09-06 1:00,0.0,99.98701214790344
1397,2019-09-04 2:30,2,2,2019-09-05 2:30,0.0,99.98809695243835,2019-09-06 2:30,0.0,99.98912811279297
1398,2019-09-04 5:00,1,2,2019-09-05 5:00,0.0,99.98769760131836,2019-09-06 5:00,0.0,99.98761415481567
1399,2019-09-04 7:00,1,2,2019-09-05 7:00,0.0,99.98769760131836,2019-09-06 7:00,0.0,99.98761415481567
1400,2019-09-04 8:00,1,3,2019-09-05 8:00,0.0,99.98046159744263,2019-09-06 8:00,0.0,99.94415044784546
1401,2019-09-04 9:30,1,3,2019-09-05 9:30,0.0,99.98046159744263,2019-09-06 9:30,0.0,99.88812208175659
1402,2019-09-04 12:30,2,3,2019-09-05 12:30,0.0,99.9900221824646,2019-09-06 12:30,0.0,99.98994469642639
1403,2019-09-04 13:00,1,2,2019-09-05 13:00,0.0,99.98769760131836,2019-09-06 13:00,0.0,99.98761415481567
1404,2019-09-04 16:00,2,1,2019-09-05 16:00,0.0,99.97836351394653,2019-09-06 16:00,0.0,99.98547434806824
1405,2019-09-04 18:00,1,1,2019-09-05 18:00,0.0,99.98802542686462,2019-09-06 18:00,0.0,99.98701214790344
1406,2019-09-04 18:30,1,1,2019-09-05 18:30,0.0,99.98802542686462,2019-09-06 18:30,0.0,99.98701214790344
1407,2019-09-04 18:30,1,2,2019-09-05 18:30,0.0,99.98769760131836,2019-09-06 18:30,0.0,99.98761415481567
1408,2019-09-04 19:00,2,1,2019-09-05 19:00,0.0,99.98544454574585,2019-09-06 19:00,0.0,99.9799132347107
1409,2019-09-04 20:00,1,3,2019-09-05 20:00,0.0,99.9579906463623,2019-09-06 20:00,0.0,99.97755289077759
1410,2019-09-04 23:30,1,2,2019-09-05 23:30,0.0,99.98156428337097,2019-09-06 23:30,0.0,99.98660683631897
1411,2019-09-05 1:30,1,2,2019-09-06 1:30,0.0,99.9835193157196,2019-09-07 1:30,0.0,99.98660683631897
1412,2019-09-05 3:30,2,1,2019-09-06 3:30,0.0,99.98629689216614,2019-09-07 3:30,0.0,99.98490810394287
1413,2019-09-05 9:00,2,2,2019-09-06 9:00,0.0,99.98809695243835,2019-09-07 9:00,0.0,99.98912811279297
1414,2019-09-05 11:30,2,1,2019-09-06 11:30,0.0,99.98021125793457,2019-09-07 11:30,0.0,99.98547434806824
1415,2019-09-05 23:00,1,2,2019-09-06 23:00,0.0,99.9835193157196,2019-09-07 23:00,0.0,99.98660683631897
1416,2019-09-06 1:00,1,2,2019-09-07 1:00,0.0,99.9835193157196,2019-09-08 1:00,0.0,99.98660683631897
1417,2019-09-06 4:00,1,2,2019-09-07 4:00,0.0,99.9835193157196,2019-09-08 4:00,0.0,99.98660683631897
1418,2019-09-06 6:30,2,2,2019-09-07 6:30,0.0,99.98613595962524,2019-09-08 6:30,0.0,99.98912811279297
1419,2019-09-06 10:00,1,2,2019-09-07 10:00,0.0,99.98156428337097,2019-09-08 10:00,0.0,99.98660683631897
1420,2019-09-06 11:00,2,3,2019-09-07 11:00,0.0,99.9900221824646,2019-09-08 11:00,0.0,99.98331069946289
1421,2019-09-06 15:00,2,1,2019-09-07 15:00,0.0,99.97836351394653,2019-09-08 15:00,0.0,99.98547434806824
1422,2019-09-06 15:30,2,2,2019-09-07 15:30,0.0,99.98809695243835,2019-09-08 15:30,0.0,99.98912811279297
1423,2019-09-06 16:00,2,3,2019-09-07 16:00,0.0,99.9900221824646,2019-09-08 16:00,0.0,99.98331069946289
1424,2019-09-06 19:00,1,2,2019-09-07 19:00,0.0,99.98769760131836,2019-09-08 19:00,0.0,99.98761415481567
1425,2019-09-06 22:00,1,3,2019-09-07 22:00,0.0,99.93616342544556,2019-09-08 22:00,0.0,99.94031190872192
1426,2019-09-07 2:30,1,1,2019-09-08 2:30,0.0,99.96499419212341,2019-09-09 2:30,0.0,99.98586177825928
1427,2019-09-07 3:30,1,2,2019-09-08 3:30,0.0,99.98769760131836,2019-09-09 3:30,0.0,99.98761415481567
1428,2019-09-07 7:00,2,3,2019-09-08 7:00,0.0,99.9900221824646,2019-09-09 7:00,0.0,99.98994469642639
1429,2019-09-07 9:00,1,3,2019-09-08 9:00,0.0,99.95817542076111,2019-09-09 9:00,0.0,99.9021828174591
1430,2019-09-07 10:00,1,3,2019-09-08 10:00,0.0,99.95817542076111,2019-09-09 10:00,0.0,99.96798634529114
1431,2019-09-07 10:30,2,3,2019-09-08 10:30,0.0,99.9900221824646,2019-09-09 10:30,0.0,99.98994469642639
1432,2019-09-07 16:00,2,3,2019-09-08 16:00,0.0,99.9900221824646,2019-09-09 16:00,0.0,99.98481273651123
1433,2019-09-07 22:00,1,1,2019-09-08 22:00,0.0,99.98009204864502,2019-09-09 22:00,0.0,99.98701214790344
1434,2019-09-08 0:30,1,2,2019-09-09 0:30,0.0,99.98156428337097,2019-09-10 0:30,0.0,99.98660683631897
1435,2019-09-08 3:00,1,2,2019-09-09 3:00,0.0,99.9835193157196,2019-09-10 3:00,0.0,99.98660683631897
1436,2019-09-08 4:00,2,3,2019-09-09 4:00,0.0,99.9900221824646,2019-09-10 4:00,0.0,99.98481273651123
1437,2019-09-08 4:30,2,2,2019-09-09 4:30,0.0,99.98809695243835,2019-09-10 4:30,0.0,99.98912811279297
1438,2019-09-08 7:30,2,1,2019-09-09 7:30,0.0,99.98629689216614,2019-09-10 7:30,0.0,99.98650550842285
1439,2019-09-08 9:30,1,2,2019-09-09 9:30,0.0,99.9835193157196,2019-09-10 9:30,0.0,99.98660683631897
1440,2019-09-08 10:00,1,3,2019-09-09 10:00,0.0,99.9481201171875,2019-09-10 10:00,0.0,99.89109635353088
1441,2019-09-08 17:00,1,1,2019-09-09 17:00,0.0,99.98802542686462,2019-09-10 17:00,0.0,99.9829649925232
1442,2019-09-08 21:00,2,1,2019-09-09 21:00,0.0,99.98629689216614,2019-09-10 21:00,0.0,99.98650550842285
1443,2019-09-08 23:00,2,1,2019-09-09 23:00,0.0,99.98629689216614,2019-09-10 23:00,0.0,99.98650550842285
1444,2019-09-09 0:00,2,3,2019-09-10 0:00,0.0,99.9900221824646,2019-09-11 0:00,0.0,99.98481273651123
1445,2019-09-09 0:30,1,2,2019-09-10 0:30,0.0,99.98156428337097,2019-09-11 0:30,0.0,99.98660683631897
1446,2019-09-09 0:30,2,1,2019-09-10 0:30,0.0,99.98629689216614,2019-09-11 0:30,0.0,99.9807596206665
1447,2019-09-09 1:00,1,1,2019-09-10 1:00,0.0,99.98009204864502,2019-09-11 1:00,0.0,99.98701214790344
1448,2019-09-09 3:30,1,1,2019-09-10 3:30,0.0,99.98009204864502,2019-09-11 3:30,0.0,99.98701214790344
1449,2019-09-09 4:30,1,1,2019-09-10 4:30,0.0,99.98009204864502,2019-09-11 4:30,0.0,99.98701214790344
1450,2019-09-09 8:00,2,3,2019-09-10 8:00,0.0,99.9900221824646,2019-09-11 8:00,0.0,99.98481273651123
1451,2019-09-09 8:00,1,3,2019-09-10 8:00,0.0,99.9579906463623,2019-09-11 8:00,0.0,99.93582963943481
1452,2019-09-09 21:30,1,3,2019-09-10 21:30,0.0,99.95181560516357,2019-09-11 21:30,0.0,99.94430541992188
1453,2019-09-10 2:00,1,2,2019-09-11 2:00,0.0,99.9835193157196,2019-09-12 2:00,0.0,99.98660683631897
1454,2019-09-10 3:00,2,1,2019-09-11 3:00,0.0,99.98629689216614,2019-09-12 3:00,0.0,99.98650550842285
1455,2019-09-10 5:30,1,2,2019-09-11 5:30,0.0,99.9835193157196,2019-09-12 5:30,0.0,99.98660683631897
1456,2019-09-10 6:00,1,1,2019-09-11 6:00,0.0,99.97943639755249,2019-09-12 6:00,0.0,99.98701214790344
1457,2019-09-10 7:00,1,3,2019-09-11 7:00,0.0,99.95047450065613,2019-09-12 7:00,0.0,99.97254014015198
1458,2019-09-10 7:30,2,3,2019-09-11 7:30,0.0,99.9900221824646,2019-09-12 7:30,0.0,99.98481273651123
1459,2019-09-10 11:30,2,2,2019-09-11 11:30,0.0,99.98809695243835,2019-09-12 11:30,0.0,99.98912811279297
1460,2019-09-10 13:30,2,1,2019-09-11 13:30,0.0,99.98390078544617,2019-09-12 13:30,0.0,99.98547434806824
1461,2019-09-10 13:30,1,1,2019-09-11 13:30,0.0,99.96499419212341,2019-09-12 13:30,0.0,99.98762607574463
1462,2019-09-10 14:00,2,2,2019-09-11 14:00,0.0,99.98809695243835,2019-09-12 14:00,0.0,99.98912811279297
1463,2019-09-10 20:30,1,3,2019-09-11 20:30,0.0,99.97413158416748,2019-09-12 20:30,0.0,99.97761845588684
1464,2019-09-10 22:00,1,1,2019-09-11 22:00,0.0,99.98009204864502,2019-09-12 22:00,0.0,99.98701214790344
1465,2019-09-11 0:30,1,3,2019-09-12 0:30,0.0,99.97958540916443,2019-09-13 0:30,0.0,99.97254014015198
1466,2019-09-11 1:00,2,1,2019-09-12 1:00,0.0,99.98629689216614,2019-09-13 1:00,0.0,99.98650550842285
1467,2019-09-11 4:30,2,1,2019-09-12 4:30,0.0,99.98629689216614,2019-09-13 4:30,0.0,99.98399019241333
1468,2019-09-11 8:30,1,2,2019-09-12 8:30,0.0,99.98769760131836,2019-09-13 8:30,0.0,99.98761415481567
1469,2019-09-11 10:30,2,1,2019-09-12 10:30,0.0,99.98629689216614,2019-09-13 10:30,0.0,99.98650550842285
1470,2019-09-11 10:30,1,3,2019-09-12 10:30,0.0,99.95695352554321,2019-09-13 10:30,0.0,99.9596655368805
1471,2019-09-11 12:30,2,1,2019-09-12 12:30,0.0,99.97962713241577,2019-09-13 12:30,0.0,99.98547434806824
1472,2019-09-11 15:30,1,1,2019-09-12 15:30,0.0,99.98802542686462,2019-09-13 15:30,0.0,99.98762607574463
1473,2019-09-11 17:30,2,2,2019-09-12 17:30,0.0,99.98809695243835,2019-09-13 17:30,0.0,99.98912811279297
1474,2019-09-11 21:30,1,3,2019-09-12 21:30,0.0,99.6157169342041,2019-09-13 21:30,0.0,99.9646782875061
1475,2019-09-11 22:30,2,2,2019-09-12 22:30,0.0,99.98809695243835,2019-09-13 22:30,0.0,99.98912811279297
1476,2019-09-12 0:00,2,3,2019-09-13 0:00,0.0,99.9900221824646,2019-09-14 0:00,0.0,99.98992085456848
1477,2019-09-12 1:30,1,2,2019-09-13 1:30,0.0,99.98769760131836,2019-09-14 1:30,0.0,99.98813271522522
1478,2019-09-12 3:00,1,2,2019-09-13 3:00,0.0,99.98769760131836,2019-09-14 3:00,0.0,99.98813271522522
1479,2019-09-12 4:30,2,2,2019-09-13 4:30,0.0,99.98809695243835,2019-09-14 4:30,0.0,99.98912811279297
1480,2019-09-12 4:30,2,1,2019-09-13 4:30,0.0,99.98583197593689,2019-09-14 4:30,0.0,99.97615814208984
1481,2019-09-12 12:00,1,3,2019-09-13 12:00,0.0,99.38810467720032,2019-09-14 12:00,0.0,99.94724988937378
1482,2019-09-12 19:00,2,1,2019-09-13 19:00,0.0,99.96633529663086,2019-09-14 19:00,0.0,99.96731281280518
1483,2019-09-12 21:00,1,1,2019-09-13 21:00,0.0,99.98458623886108,2019-09-14 21:00,0.0,99.98448491096497
1484,2019-09-12 22:00,2,3,2019-09-13 22:00,0.0,99.9900221824646,2019-09-14 22:00,0.0,99.99069571495056
1485,2019-09-12 23:00,2,1,2019-09-13 23:00,0.0,99.95896816253662,2019-09-14 23:00,0.0,99.95094537734985
1486,2019-09-13 1:30,1,3,2019-09-14 1:30,0.0,99.96755123138428,2019-09-15 1:30,0.0,99.9493658542633
1487,2019-09-13 8:00,1,3,2019-09-14 8:00,0.0,99.98106956481934,2019-09-15 8:00,0.0,99.97372627258301
1488,2019-09-13 10:30,2,1,2019-09-14 10:30,0.0,99.98400807380676,2019-09-15 10:30,0.0,99.9853253364563
1489,2019-09-13 11:30,1,3,2019-09-14 11:30,0.0,99.98392462730408,2019-09-15 11:30,0.0,99.98058676719666
1490,2019-09-13 20:30,2,3,2019-09-14 20:30,0.0,99.9900221824646,2019-09-15 20:30,0.0,99.9898374080658
1491,2019-09-13 20:30,1,3,2019-09-14 20:30,0.0,99.87603425979614,2019-09-15 20:30,0.0,99.98242259025574
1492,2019-09-13 23:00,1,3,2019-09-14 23:00,0.0,99.94854927062988,2019-09-15 23:00,0.0,99.97092485427856
1493,2019-09-14 1:00,1,3,2019-09-15 1:00,0.0,99.94527697563171,2019-09-16 1:00,0.0,99.95869994163513
1494,2019-09-16 2:00,2,2,2019-09-17 2:00,0.0,99.98809695243835,2019-09-18 2:00,0.0,99.98912811279297
1495,2019-09-16 2:00,1,1,2019-09-17 2:00,0.0,99.98802542686462,2019-09-18 2:00,0.0,99.9829649925232
1496,2019-09-17 1:30,2,3,2019-09-18 1:30,0.0,99.9900221824646,2019-09-19 1:30,0.0,99.99080300331116
1497,2019-09-17 6:30,2,3,2019-09-18 6:30,0.0,99.9900221824646,2019-09-19 6:30,0.0,99.99080300331116
1498,2019-09-18 1:30,2,3,2019-09-19 1:30,0.0,99.9900221824646,2019-09-20 1:30,0.0,99.9898374080658
1499,2019-09-18 2:00,2,3,2019-09-19 2:00,0.0,99.9900221824646,2019-09-20 2:00,0.0,99.9898374080658
1500,2019-09-18 3:00,1,1,2019-09-19 3:00,0.0,99.98802542686462,2019-09-20 3:00,0.0,99.98762607574463
1501,2019-09-18 5:00,2,1,2019-09-19 5:00,0.0,99.98748302459717,2019-09-20 5:00,0.0,99.97496604919434
1502,2019-09-19 7:00,2,1,2019-09-20 7:00,0.0,99.97894763946533,2019-09-21 7:00,0.0,99.96093511581421
1503,2019-09-19 8:30,1,2,2019-09-20 8:30,0.0,99.98470544815063,2019-09-21 8:30,0.0,99.97907876968384
1504,2019-09-19 10:30,2,2,2019-09-20 10:30,0.0,99.98628497123718,2019-09-21 10:30,0.0,99.98785257339478
1505,2019-09-19 13:00,2,2,2019-09-20 13:00,0.0,99.98725056648254,2019-09-21 13:00,0.0,99.98785257339478
1506,2019-09-19 14:30,2,3,2019-09-20 14:30,0.0,99.9900221824646,2019-09-21 14:30,0.0,99.99080300331116
1507,2019-09-19 15:30,2,3,2019-09-20 15:30,0.0,99.9900221824646,2019-09-21 15:30,0.0,99.99080300331116
1508,2019-09-19 15:30,1,2,2019-09-20 15:30,0.0,99.98769760131836,2019-09-21 15:30,0.0,99.98813271522522
1509,2019-09-19 17:30,1,2,2019-09-20 17:30,0.0,99.98769760131836,2019-09-21 17:30,0.0,99.98813271522522
1510,2019-09-19 19:00,1,3,2019-09-20 19:00,0.0,99.98392462730408,2019-09-21 19:00,0.0,99.98341202735901
1511,2019-09-19 19:00,2,3,2019-09-20 19:00,0.0,99.9900221824646,2019-09-21 19:00,0.0,99.99080300331116
1512,2019-09-20 1:00,2,3,2019-09-21 1:00,0.0,99.9900221824646,2019-09-22 1:00,0.0,99.99020099639893
1513,2019-09-20 8:00,2,1,2019-09-21 8:00,0.0,99.94990825653076,2019-09-22 8:00,0.0,99.96357560157776
1514,2019-09-20 13:00,1,2,2019-09-21 13:00,0.0,99.98769760131836,2019-09-22 13:00,0.0,99.98813271522522
1515,2019-09-20 13:00,2,3,2019-09-21 13:00,0.0,99.9900221824646,2019-09-22 13:00,0.0,99.99080300331116
1516,2019-09-20 13:30,2,2,2019-09-21 13:30,0.0,99.98725056648254,2019-09-22 13:30,0.0,99.98912811279297
1517,2019-09-20 14:00,1,2,2019-09-21 14:00,0.0,99.98769760131836,2019-09-22 14:00,0.0,99.98813271522522
1518,2019-09-20 14:30,2,1,2019-09-21 14:30,0.0,99.98400807380676,2019-09-22 14:30,0.0,99.9853253364563
1519,2019-09-20 14:30,2,3,2019-09-21 14:30,0.0,99.9900221824646,2019-09-22 14:30,0.0,99.99080300331116
1520,2019-09-20 15:30,2,1,2019-09-21 15:30,0.0,99.98400807380676,2019-09-22 15:30,0.0,99.98642802238464
1521,2019-09-20 15:30,1,2,2019-09-21 15:30,0.0,99.98769760131836,2019-09-22 15:30,0.0,99.98813271522522
1522,2019-09-20 16:30,1,3,2019-09-21 16:30,0.0,99.98392462730408,2019-09-22 16:30,0.0,99.98186230659485
1523,2019-09-20 21:00,1,3,2019-09-21 21:00,0.0,99.98392462730408,2019-09-22 21:00,0.0,99.98437166213989
1524,2019-09-20 23:30,1,3,2019-09-21 23:30,0.0,99.97552037239075,2019-09-22 23:30,0.0,99.9829113483429
1525,2019-09-21 0:30,2,1,2019-09-22 0:30,0.0,99.94727373123169,2019-09-23 0:30,0.0,99.93926882743835
1526,2019-09-21 2:00,1,1,2019-09-22 2:00,0.0,99.9838650226593,2019-09-23 2:00,0.0,99.98663067817688
1527,2019-09-21 3:30,2,3,2019-09-22 3:30,0.0,99.9900221824646,2019-09-23 3:30,0.0,99.99080300331116
1528,2019-09-21 4:00,2,3,2019-09-22 4:00,0.0,99.9900221824646,2019-09-23 4:00,0.0,99.99080300331116
1529,2019-09-21 5:00,1,2,2019-09-22 5:00,0.0,99.9830424785614,2019-09-23 5:00,0.0,99.9866247177124
1530,2019-09-21 5:00,2,2,2019-09-22 5:00,0.0,99.98599290847778,2019-09-23 5:00,0.0,99.98912811279297
1531,2019-09-21 5:30,1,3,2019-09-22 5:30,0.0,99.97780323028564,2019-09-23 5:30,0.0,99.96889233589172
1532,2019-09-21 9:00,1,3,2019-09-22 9:00,0.0,99.97485876083374,2019-09-23 9:00,0.0,99.98165965080261
1533,2019-09-21 13:00,1,3,2019-09-22 13:00,0.0,99.96635317802429,2019-09-23 13:00,0.0,99.97555017471313
1534,2019-09-21 16:30,1,1,2019-09-22 16:30,0.0,99.92280006408691,2019-09-23 16:30,0.0,99.98448491096497
1535,2019-09-21 21:00,1,2,2019-09-22 21:00,0.0,99.97385740280151,2019-09-23 21:00,0.0,99.9748170375824
1536,2019-09-22 3:30,1,1,2019-09-23 3:30,0.0,99.97168183326721,2019-09-24 3:30,0.0,99.93740916252136
1537,2019-09-22 6:00,1,3,2019-09-23 6:00,0.0,99.94709491729736,2019-09-24 6:00,0.0,99.91618990898132
1538,2019-09-22 12:00,2,2,2019-09-23 12:00,0.0,99.98064041137695,2019-09-24 12:00,0.0,99.96986985206604
1539,2019-09-22 12:00,1,1,2019-09-23 12:00,0.0,99.967360496521,2019-09-24 12:00,0.0,99.93484616279602
1540,2019-09-22 12:30,2,2,2019-09-23 12:30,0.0,99.98064041137695,2019-09-24 12:30,0.0,99.96986985206604
1541,2019-09-22 13:00,1,2,2019-09-23 13:00,0.0,99.92676973342896,2019-09-24 13:00,0.0,99.90600347518921
1542,2019-09-22 15:00,2,3,2019-09-23 15:00,0.0,99.9900221824646,2019-09-24 15:00,0.0,99.98831152915955
1543,2019-09-22 15:00,1,2,2019-09-23 15:00,0.0,99.96013641357422,2019-09-24 15:00,0.0,99.82449412345886
1544,2019-09-22 19:30,1,2,2019-09-23 19:30,0.0,99.95908737182617,2019-09-24 19:30,0.0,99.88718032836914
1545,2019-09-22 21:00,2,2,2019-09-23 21:00,0.0,99.97747540473938,2019-09-24 21:00,0.0,99.96637105941772
1546,2019-09-22 23:00,2,1,2019-09-23 23:00,0.0,99.93716478347778,2019-09-24 23:00,0.0,99.92053508758545
1547,2019-09-23 0:30,1,1,2019-09-24 0:30,0.0,99.97918605804443,2019-09-25 0:30,0.0,99.9876320362091
1548,2019-09-23 6:00,2,1,2019-09-24 6:00,0.0,99.95111227035522,2019-09-25 6:00,0.0,99.90823268890381
1549,2019-09-23 6:30,1,2,2019-09-24 6:30,0.0,99.96057152748108,2019-09-25 6:30,0.0,99.93482828140259
1550,2019-09-23 7:30,1,3,2019-09-24 7:30,0.0,99.96750950813293,2019-09-25 7:30,0.0,99.96678829193115
1551,2019-09-23 12:30,2,1,2019-09-24 12:30,0.0,99.98491406440735,2019-09-25 12:30,0.0,99.97623562812805
1552,2019-09-23 13:00,2,2,2019-09-24 13:00,0.0,99.97512102127075,2019-09-25 13:00,0.0,99.98785257339478
1553,2019-09-23 15:30,1,2,2019-09-24 15:30,0.0,99.95752573013306,2019-09-25 15:30,0.0,99.98813271522522
1554,2019-09-23 16:00,2,3,2019-09-24 16:00,0.0,99.9900221824646,2019-09-25 16:00,0.0,99.99080300331116
1555,2019-09-23 23:00,1,3,2019-09-24 23:00,0.0,99.95659589767456,2019-09-25 23:00,0.0,99.91593956947327
1556,2019-09-23 23:30,2,1,2019-09-24 23:30,0.0,99.9183714389801,2019-09-25 23:30,0.0,99.89771842956543
1557,2019-09-24 0:30,2,3,2019-09-25 0:30,0.0,99.9900221824646,2019-09-26 0:30,0.0,99.9898374080658
1558,2019-09-24 1:00,2,3,2019-09-25 1:00,0.0,99.9900221824646,2019-09-26 1:00,0.0,99.9898374080658
1559,2019-09-24 1:30,1,3,2019-09-25 1:30,0.0,99.95514154434204,2019-09-26 1:30,0.0,99.9198853969574
1560,2019-09-24 4:30,2,1,2019-09-25 4:30,0.0,99.94808435440063,2019-09-26 4:30,0.0,99.95002150535583
1561,2019-09-24 5:30,2,3,2019-09-25 5:30,0.0,99.9900221824646,2019-09-26 5:30,0.0,99.99069571495056
1562,2019-09-24 6:30,2,2,2019-09-25 6:30,0.0,99.98064041137695,2019-09-26 6:30,0.0,99.96818900108337
1563,2019-09-24 7:00,1,2,2019-09-25 7:00,0.0,99.9314546585083,2019-09-26 7:00,0.0,99.89467263221741
1564,2019-09-24 8:00,2,2,2019-09-25 8:00,0.0,99.97808337211609,2019-09-26 8:00,0.0,99.96737837791443
1565,2019-09-24 11:00,1,1,2019-09-25 11:00,0.0,99.98096823692322,2019-09-26 11:00,0.0,99.98762607574463
1566,2019-09-24 12:00,2,1,2019-09-25 12:00,0.0,99.9857485294342,2019-09-26 12:00,0.0,99.98343586921692
1567,2019-09-24 16:30,2,1,2019-09-25 16:30,0.0,99.98491406440735,2019-09-26 16:30,0.0,99.97737407684326
1568,2019-09-24 22:00,1,1,2019-09-25 22:00,0.0,99.93479251861572,2019-09-26 22:00,0.0,99.98297095298767
1569,2019-09-24 23:00,1,3,2019-09-25 23:00,0.0,99.95368719100952,2019-09-26 23:00,0.0,99.95181560516357
1570,2019-09-25 0:30,1,2,2019-09-26 0:30,0.0,99.90577101707458,2019-09-27 0:30,0.0,99.88911747932434
1571,2019-09-25 3:00,2,1,2019-09-26 3:00,0.0,99.96451139450073,2019-09-27 3:00,0.0,99.964839220047
1572,2019-09-25 6:00,2,2,2019-09-26 6:00,0.0,99.98064041137695,2019-09-27 6:00,0.0,99.9683678150177
1573,2019-09-25 7:30,2,3,2019-09-26 7:30,0.0,99.9900221824646,2019-09-27 7:30,0.0,99.99080300331116
1574,2019-09-25 10:30,1,1,2019-09-26 10:30,0.0,99.98043775558472,2019-09-27 10:30,0.0,99.83807802200317
1575,2019-09-25 13:30,1,1,2019-09-26 13:30,0.0,99.98802542686462,2019-09-27 13:30,0.0,99.98762607574463
1576,2019-09-25 15:30,2,1,2019-09-26 15:30,0.0,99.9857485294342,2019-09-27 15:30,0.0,99.9853253364563
1577,2019-09-25 16:30,2,3,2019-09-26 16:30,0.0,99.9900221824646,2019-09-27 16:30,0.0,99.99080300331116
1578,2019-09-25 19:00,2,3,2019-09-26 19:00,0.0,99.9900221824646,2019-09-27 19:00,0.0,99.99032616615295
1579,2019-09-25 23:00,2,3,2019-09-26 23:00,0.0,99.9900221824646,2019-09-27 23:00,0.0,99.99069571495056
1580,2019-09-25 23:30,1,3,2019-09-26 23:30,0.0,99.93271231651306,2019-09-27 23:30,0.0,99.90560412406921
1581,2019-09-26 1:00,1,2,2019-09-27 1:00,0.0,99.92706179618835,2019-09-28 1:00,0.0,99.97457265853882
1582,2019-09-26 1:30,2,1,2019-09-27 1:30,0.0,99.9589204788208,2019-09-28 1:30,0.0,99.9617874622345
1583,2019-09-26 2:00,1,3,2019-09-27 2:00,0.0,99.93730187416077,2019-09-28 2:00,0.0,99.91286396980286
1584,2019-09-26 2:30,1,3,2019-09-27 2:30,0.0,99.94224905967712,2019-09-28 2:30,0.0,99.91286396980286
1585,2019-09-26 3:00,1,3,2019-09-27 3:00,0.0,99.9241828918457,2019-09-28 3:00,0.0,99.90217089653015
1586,2019-09-26 3:30,2,2,2019-09-27 3:30,0.0,99.98809695243835,2019-09-28 3:30,0.0,99.97116327285767
1587,2019-09-26 7:30,2,2,2019-09-27 7:30,0.0,99.97921586036682,2019-09-28 7:30,0.0,99.94553923606873
1588,2019-09-26 8:00,1,3,2019-09-27 8:00,0.0,99.92907643318176,2019-09-28 8:00,0.0,99.95304346084595
1589,2019-09-26 9:00,2,1,2019-09-27 9:00,0.0,99.98637437820435,2019-09-28 9:00,0.0,99.9617338180542
1590,2019-09-26 17:00,2,1,2019-09-27 17:00,0.0,99.98400807380676,2019-09-28 17:00,0.0,99.9853253364563
1591,2019-09-26 17:30,2,2,2019-09-27 17:30,0.0,99.98698234558105,2019-09-28 17:30,0.0,99.98912811279297
1592,2019-09-26 19:00,1,1,2019-09-27 19:00,0.0,99.98802542686462,2019-09-28 19:00,0.0,99.98762607574463
1593,2019-09-26 19:30,2,2,2019-09-27 19:30,0.0,99.98809695243835,2019-09-28 19:30,0.0,99.98912811279297
1594,2019-09-26 21:00,2,1,2019-09-27 21:00,0.0,99.93004202842712,2019-09-28 21:00,0.0,99.94797706604004
1595,2019-09-26 21:30,1,3,2019-09-27 21:30,0.0,99.96421933174133,2019-09-28 21:30,0.0,99.97590780258179
1596,2019-09-26 22:00,1,1,2019-09-27 22:00,0.0,99.98297095298767,2019-09-28 22:00,0.0,99.98663067817688
1597,2019-09-26 22:30,1,2,2019-09-27 22:30,0.0,99.98196363449097,2019-09-28 22:30,0.0,99.98813271522522
1598,2019-09-27 1:00,1,1,2019-09-28 1:00,0.0,99.95706677436829,2019-09-29 1:00,0.0,99.98159408569336
1599,2019-09-27 1:00,1,3,2019-09-28 1:00,0.0,99.96402859687805,2019-09-29 1:00,0.0,99.97299313545227
1600,2019-09-27 1:30,2,2,2019-09-28 1:30,0.0,99.98809695243835,2019-09-29 1:30,0.0,99.98912811279297
1601,2019-09-27 2:30,1,2,2019-09-28 2:30,0.0,99.92706179618835,2019-09-29 2:30,0.0,99.97457265853882
1602,2019-09-27 4:00,2,3,2019-09-28 4:00,0.0,99.9900221824646,2019-09-29 4:00,0.0,99.99069571495056
1603,2019-09-27 7:30,2,3,2019-09-28 7:30,0.0,99.9900221824646,2019-09-29 7:30,0.0,99.9898374080658
1604,2019-09-27 8:00,1,1,2019-09-28 8:00,0.0,99.96077418327332,2019-09-29 8:00,0.0,99.83502626419067
1605,2019-09-27 8:30,1,1,2019-09-28 8:30,0.0,99.96521472930908,2019-09-29 8:30,0.0,99.98663067817688
1606,2019-09-27 9:30,2,2,2019-09-28 9:30,0.0,99.9848484992981,2019-09-29 9:30,0.0,99.98912811279297
1607,2019-09-27 11:30,1,1,2019-09-28 11:30,0.0,99.98802542686462,2019-09-29 11:30,0.0,99.98762607574463
1608,2019-09-27 12:00,1,2,2019-09-28 12:00,0.0,99.98769760131836,2019-09-29 12:00,0.0,99.98813271522522
1609,2019-09-27 14:30,2,1,2019-09-28 14:30,0.0,99.98400807380676,2019-09-29 14:30,0.0,99.9853253364563
1610,2019-09-27 19:00,2,3,2019-09-28 19:00,0.0,99.9900221824646,2019-09-29 19:00,0.0,99.9898374080658
1611,2019-09-27 22:00,2,2,2019-09-28 22:00,0.0,99.98809695243835,2019-09-29 22:00,0.0,99.98912811279297
1612,2019-09-27 23:30,2,1,2019-09-28 23:30,0.0,99.95183944702148,2019-09-29 23:30,0.0,99.948251247406
1613,2019-09-28 1:00,2,3,2019-09-29 1:00,0.0,99.9900221824646,2019-09-30 1:00,0.0,99.99069571495056
1614,2019-09-28 9:00,1,1,2019-09-29 9:00,0.0,99.94238615036011,2019-09-30 9:00,0.0,99.98762607574463
1615,2019-09-28 11:00,1,3,2019-09-29 11:00,0.0,99.9740719795227,2019-09-30 11:00,0.0,99.96013045310974
1616,2019-09-28 18:30,2,1,2019-09-29 18:30,0.0,99.98677968978882,2019-09-30 18:30,0.0,99.96805191040039
1617,2019-09-28 19:30,2,1,2019-09-29 19:30,0.0,99.9410629272461,2019-09-30 19:30,0.0,99.93712306022644
1618,2019-09-29 0:30,2,2,2019-09-30 0:30,0.0,99.98809695243835,2019-10-01 0:30,0.0,99.98912811279297
1619,2019-09-29 1:30,1,2,2019-09-30 1:30,0.0,99.98222589492798,2019-10-01 1:30,0.0,99.98557567596436
1620,2019-09-29 2:00,1,3,2019-09-30 2:00,0.0,99.97416138648987,2019-10-01 2:00,0.0,99.95022416114807
1621,2019-09-29 2:00,1,2,2019-09-30 2:00,0.0,99.98222589492798,2019-10-01 2:00,0.0,99.98557567596436
1622,2019-09-29 4:00,1,2,2019-09-30 4:00,0.0,99.98222589492798,2019-10-01 4:00,0.0,99.97457265853882
1623,2019-09-29 4:30,1,3,2019-09-30 4:30,0.0,99.97416138648987,2019-10-01 4:30,0.0,99.94146227836609
1624,2019-09-29 5:30,2,3,2019-09-30 5:30,0.0,99.9900221824646,2019-10-01 5:30,0.0,99.99069571495056
1625,2019-09-29 6:30,2,1,2019-09-30 6:30,0.0,99.95777010917664,2019-10-01 6:30,0.0,99.96980428695679
1626,2019-09-29 10:30,1,1,2019-09-30 10:30,0.0,99.98802542686462,2019-10-01 10:30,0.0,99.98762607574463
1627,2019-09-29 14:00,1,2,2019-09-30 14:00,0.0,99.98769760131836,2019-10-01 14:00,0.0,99.98813271522522
1628,2019-09-29 18:30,2,2,2019-09-30 18:30,0.0,99.98698234558105,2019-10-01 18:30,0.0,99.98912811279297
1629,2019-09-29 19:30,1,1,2019-09-30 19:30,0.0,99.98802542686462,2019-10-01 19:30,0.0,99.98762607574463
1630,2019-09-29 22:30,2,2,2019-09-30 22:30,0.0,99.98809695243835,2019-10-01 22:30,0.0,99.98912811279297
1631,2019-09-29 23:30,2,2,2019-09-30 23:30,0.0,99.98809695243835,2019-10-01 23:30,0.0,99.98912811279297
1632,2019-09-29 23:30,2,3,2019-09-30 23:30,0.0,99.9900221824646,2019-10-01 23:30,0.0,99.99069571495056
1633,2019-09-30 1:00,2,3,2019-10-01 1:00,0.0,99.9900221824646,2019-10-02 1:00,0.0,99.99069571495056
1634,2019-09-30 3:30,1,1,2019-10-01 3:30,0.0,99.91730451583862,2019-10-02 3:30,0.0,99.925297498703
1635,2019-09-30 5:00,1,3,2019-10-01 5:00,0.0,99.9725878238678,2019-10-02 5:00,0.0,99.94091391563416
1636,2019-09-30 7:00,1,1,2019-10-01 7:00,0.0,99.93563294410706,2019-10-02 7:00,0.0,99.92534518241882
1637,2019-09-30 8:00,2,1,2019-10-01 8:00,0.0,99.9589204788208,2019-10-02 8:00,0.0,99.96703267097473
1638,2019-09-30 8:00,1,1,2019-10-01 8:00,0.0,99.960458278656,2019-10-02 8:00,0.0,99.93756413459778
1639,2019-09-30 11:00,2,1,2019-10-01 11:00,0.0,99.97621178627014,2019-10-02 11:00,0.0,99.97246265411377
1640,2019-09-30 12:00,2,1,2019-10-01 12:00,0.0,99.98348951339722,2019-10-02 12:00,0.0,99.9853253364563
1641,2019-09-30 14:00,2,1,2019-10-01 14:00,0.0,99.98400807380676,2019-10-02 14:00,0.0,99.9853253364563
1642,2019-09-30 20:00,1,1,2019-10-01 20:00,0.0,99.98802542686462,2019-10-02 20:00,0.0,99.98447895050049
1643,2019-09-30 20:00,1,2,2019-10-01 20:00,0.0,99.98769760131836,2019-10-02 20:00,0.0,99.98813271522522
1644,2019-09-30 23:00,2,3,2019-10-01 23:00,0.0,99.9900221824646,2019-10-02 23:00,0.0,99.98481273651123
1645,2019-10-01 0:30,2,1,2019-10-02 0:30,0.0,99.95231628417969,2019-10-03 0:30,0.0,99.97345805168152
1646,2019-10-01 3:00,1,1,2019-10-02 3:00,0.0,99.72963333129883,2019-10-03 3:00,0.0,99.98701214790344
1647,2019-10-01 3:00,2,1,2019-10-02 3:00,0.0,99.9535620212555,2019-10-03 3:00,0.0,99.978107213974
1648,2019-10-01 4:00,2,3,2019-10-02 4:00,0.0,99.9900221824646,2019-10-03 4:00,0.0,99.98481273651123
1649,2019-10-01 4:30,2,3,2019-10-02 4:30,0.0,99.9900221824646,2019-10-03 4:30,0.0,99.98481273651123
1650,2019-10-01 6:00,2,1,2019-10-02 6:00,0.0,99.9535620212555,2019-10-03 6:00,0.0,99.978107213974
1651,2019-10-01 7:30,2,3,2019-10-02 7:30,0.0,99.9900221824646,2019-10-03 7:30,0.0,99.98481273651123
1652,2019-10-01 11:30,1,3,2019-10-02 11:30,0.0,99.98106956481934,2019-10-03 11:30,0.0,99.81412887573242
1653,2019-10-01 11:30,1,1,2019-10-02 11:30,0.0,99.98802542686462,2019-10-03 11:30,0.0,99.98762607574463
1654,2019-10-01 11:30,2,2,2019-10-02 11:30,0.0,99.98732805252075,2019-10-03 11:30,0.0,99.98912811279297
1655,2019-10-01 12:00,1,3,2019-10-02 12:00,0.0,99.98106956481934,2019-10-03 12:00,0.0,99.85339045524597
1656,2019-10-01 15:30,2,3,2019-10-02 15:30,0.0,99.9900221824646,2019-10-03 15:30,0.0,99.98994469642639
1657,2019-10-02 0:30,1,3,2019-10-03 0:30,0.0,99.98201131820679,2019-10-04 0:30,0.0,99.9504566192627
1658,2019-10-02 2:30,2,2,2019-10-03 2:30,0.0,99.98809695243835,2019-10-04 2:30,0.0,99.98912811279297
1659,2019-10-02 5:30,1,1,2019-10-03 5:30,0.0,99.96499419212341,2019-10-04 5:30,0.0,99.98701214790344
1660,2019-10-02 6:30,2,2,2019-10-03 6:30,0.0,99.98809695243835,2019-10-04 6:30,0.0,99.98912811279297
1661,2019-10-02 8:00,1,1,2019-10-03 8:00,0.0,99.96499419212341,2019-10-04 8:00,0.0,99.98701214790344
1662,2019-10-02 9:30,1,2,2019-10-03 9:30,0.0,99.98769760131836,2019-10-04 9:30,0.0,99.98761415481567
1663,2019-10-02 15:00,2,2,2019-10-03 15:00,0.0,99.98685717582703,2019-10-04 15:00,0.0,99.98912811279297
1664,2019-10-02 15:30,2,1,2019-10-03 15:30,0.0,99.94935989379883,2019-10-04 15:30,0.0,99.97791051864624
1665,2019-10-02 18:30,1,2,2019-10-03 18:30,0.0,99.96880292892456,2019-10-04 18:30,0.0,99.98660683631897
1666,2019-10-02 21:00,1,3,2019-10-03 21:00,0.0,99.92239475250244,2019-10-04 21:00,0.0,99.96605515480042
1667,2019-10-02 22:00,1,2,2019-10-03 22:00,0.0,99.96880292892456,2019-10-04 22:00,0.0,99.98660683631897
1668,2019-10-02 23:30,2,2,2019-10-03 23:30,0.0,99.98809695243835,2019-10-04 23:30,0.0,99.98912811279297
1669,2019-10-03 0:00,2,2,2019-10-04 0:00,0.0,99.98685717582703,2019-10-05 0:00,0.0,99.98912811279297
1670,2019-10-03 1:30,2,2,2019-10-04 1:30,0.0,99.98809695243835,2019-10-05 1:30,0.0,99.98912811279297
1671,2019-10-03 1:30,1,1,2019-10-04 1:30,0.0,99.77827668190002,2019-10-05 1:30,0.0,99.9859631061554
1672,2019-10-03 3:00,1,2,2019-10-04 3:00,0.0,99.96880292892456,2019-10-05 3:00,0.0,99.98660683631897
1673,2019-10-03 8:00,2,3,2019-10-04 8:00,0.0,99.9900221824646,2019-10-05 8:00,0.0,99.98431205749512
1674,2019-10-03 10:00,1,3,2019-10-04 10:00,0.0,99.96562600135803,2019-10-05 10:00,0.0,99.84604716300964
1675,2019-10-03 11:30,2,2,2019-10-04 11:30,0.0,99.98732805252075,2019-10-05 11:30,0.0,99.98912811279297
1676,2019-10-03 13:00,1,3,2019-10-04 13:00,0.0,99.97009634971619,2019-10-05 13:00,0.0,99.94383454322815
1677,2019-10-03 13:30,1,3,2019-10-04 13:30,0.0,99.97190833091736,2019-10-05 13:30,0.0,99.95594620704651
1678,2019-10-03 14:00,1,1,2019-10-04 14:00,0.0,99.98802542686462,2019-10-05 14:00,0.0,99.98762607574463
1679,2019-10-04 4:30,2,3,2019-10-05 4:30,0.0,99.9900221824646,2019-10-06 4:30,0.0,99.98481273651123
1680,2019-10-04 10:30,2,2,2019-10-05 10:30,0.0,99.98809695243835,2019-10-06 10:30,0.0,99.98912811279297
1681,2019-10-04 11:30,2,1,2019-10-05 11:30,0.0,99.97621178627014,2019-10-06 11:30,0.0,99.98396635055542
1682,2019-10-04 12:00,2,3,2019-10-05 12:00,0.0,99.9900221824646,2019-10-06 12:00,0.0,99.98994469642639
1683,2019-10-04 13:30,2,1,2019-10-05 13:30,0.0,99.98748302459717,2019-10-06 13:30,0.0,99.98670220375061
1684,2019-10-04 18:00,1,2,2019-10-05 18:00,0.0,99.98769760131836,2019-10-06 18:00,0.0,99.98813271522522
1685,2019-10-04 20:00,2,2,2019-10-05 20:00,0.0,99.98809695243835,2019-10-06 20:00,0.0,99.98912811279297
1686,2019-10-04 20:00,1,1,2019-10-05 20:00,0.0,99.98395442962646,2019-10-06 20:00,0.0,99.9859631061554
1687,2019-10-04 21:00,1,1,2019-10-05 21:00,0.0,99.98395442962646,2019-10-06 21:00,0.0,99.9859631061554
1688,2019-10-04 22:00,2,3,2019-10-05 22:00,0.0,99.9900221824646,2019-10-06 22:00,0.0,99.99069571495056
1689,2019-10-04 23:00,2,3,2019-10-05 23:00,0.0,99.9900221824646,2019-10-06 23:00,0.0,99.99069571495056
1690,2019-10-05 10:30,2,2,2019-10-06 10:30,0.0,99.98776912689209,2019-10-07 10:30,0.0,99.98912811279297
1691,2019-10-05 18:00,1,2,2019-10-06 18:00,0.0,99.98200535774231,2019-10-07 18:00,0.0,99.9866247177124
1692,2019-10-05 19:00,1,3,2019-10-06 19:00,0.0,99.96778964996338,2019-10-07 19:00,0.0,99.95906949043274
1693,2019-10-05 22:30,2,2,2019-10-06 22:30,0.0,99.98776912689209,2019-10-07 22:30,0.0,99.94658827781677
1694,2019-10-06 0:30,1,2,2019-10-07 0:30,0.0,99.92391467094421,2019-10-08 0:30,0.0,99.97745752334595
1695,2019-10-06 1:00,2,1,2019-10-07 1:00,0.0,99.94130730628967,2019-10-08 1:00,0.0,99.88406300544739
1696,2019-10-06 2:30,2,3,2019-10-07 2:30,0.0,99.9900221824646,2019-10-08 2:30,0.0,99.99080300331116
1697,2019-10-06 3:00,1,2,2019-10-07 3:00,0.0,99.92391467094421,2019-10-08 3:00,0.0,99.97745752334595
1698,2019-10-06 5:00,2,1,2019-10-07 5:00,0.0,99.9413251876831,2019-10-08 5:00,0.0,99.94803071022034
1699,2019-10-06 5:30,1,2,2019-10-07 5:30,0.0,99.92278218269348,2019-10-08 5:30,0.0,99.97745752334595
1700,2019-10-06 10:00,1,2,2019-10-07 10:00,0.0,99.95051622390747,2019-10-08 10:00,0.0,99.97807741165161
1701,2019-10-07 2:00,1,1,2019-10-08 2:00,0.0,99.95404481887817,2019-10-09 2:00,0.0,99.95301961898804
1702,2019-10-07 5:00,1,2,2019-10-08 5:00,0.0,99.91785883903503,2019-10-09 5:00,0.0,99.88911747932434
1703,2019-10-07 10:30,2,3,2019-10-08 10:30,0.0,99.9900221824646,2019-10-09 10:30,0.0,99.99069571495056
1704,2019-10-08 0:30,2,1,2019-10-09 0:30,0.0,99.94590878486633,2019-10-10 0:30,0.0,99.96095895767212
1705,2019-10-08 2:00,2,3,2019-10-09 2:00,0.0,99.9900221824646,2019-10-10 2:00,0.0,99.99032616615295
1706,2019-10-08 11:00,1,3,2019-10-09 11:00,0.0,99.97181296348572,2019-10-10 11:00,0.0,99.98437166213989
1707,2019-10-08 13:30,1,2,2019-10-09 13:30,0.0,99.96904730796814,2019-10-10 13:30,0.0,99.95805025100708
1708,2019-10-09 3:00,2,1,2019-10-10 3:00,0.0,99.95647072792053,2019-10-11 3:00,0.0,99.96095895767212
1709,2019-10-09 8:30,1,2,2019-10-10 8:30,0.0,99.96259212493896,2019-10-11 8:30,0.0,99.96029734611511
1710,2019-10-09 11:00,2,3,2019-10-10 11:00,0.0,99.9900221824646,2019-10-11 11:00,0.0,99.98186826705933
1711,2019-10-09 13:30,1,2,2019-10-10 13:30,0.0,99.96729493141174,2019-10-11 13:30,0.0,99.95933175086975
1712,2019-10-09 18:30,2,3,2019-10-10 18:30,0.0,99.9900221824646,2019-10-11 18:30,0.0,99.99080300331116
1713,2019-10-09 20:00,1,2,2019-10-10 20:00,0.0,99.95285868644714,2019-10-11 20:00,0.0,99.95496869087219
1714,2019-10-09 21:30,1,2,2019-10-10 21:30,0.0,99.94693994522095,2019-10-11 21:30,0.0,99.9470055103302
1715,2019-10-09 22:00,2,2,2019-10-10 22:00,0.0,99.9805748462677,2019-10-11 22:00,0.0,99.9647855758667
1716,2019-10-10 1:30,1,2,2019-10-11 1:30,0.0,99.93757009506226,2019-10-12 1:30,0.0,99.84192848205566
1717,2019-10-10 4:00,2,1,2019-10-11 4:00,0.0,99.94632601737976,2019-10-12 4:00,0.0,99.94786381721497
1718,2019-10-10 4:00,1,3,2019-10-11 4:00,0.0,99.95630383491516,2019-10-12 4:00,0.0,94.97264623641968
1719,2019-10-10 4:30,2,3,2019-10-11 4:30,0.0,99.9818503856659,2019-10-12 4:30,0.0,99.99069571495056
1720,2019-10-10 8:00,2,1,2019-10-11 8:00,0.0,99.9482274055481,2019-10-12 8:00,0.0,99.94832277297974
1721,2019-10-10 11:00,2,2,2019-10-11 11:00,0.0,99.98018741607666,2019-10-12 11:00,0.0,99.96793866157532
1722,2019-10-10 12:30,2,1,2019-10-11 12:30,0.0,99.97442960739136,2019-10-12 12:30,0.0,99.8936653137207
1723,2019-10-10 13:30,2,1,2019-10-11 13:30,0.0,99.96086359024048,2019-10-12 13:30,0.0,99.95583295822144
1724,2019-10-10 15:30,1,3,2019-10-11 15:30,0.0,99.96929168701172,2019-10-12 15:30,0.0,99.95353817939758
1725,2019-10-11 1:30,1,2,2019-10-12 1:30,0.0,99.89866018295288,2019-10-13 1:30,0.0,99.856436252594
1726,2019-10-11 1:30,2,3,2019-10-12 1:30,0.0,99.98413920402527,2019-10-13 1:30,0.0,99.9898374080658
1727,2019-10-11 4:30,2,1,2019-10-12 4:30,0.0,99.949711561203,2019-10-13 4:30,0.0,99.946528673172
1728,2019-10-11 5:00,1,2,2019-10-12 5:00,0.0,99.93775486946106,2019-10-13 5:00,0.0,98.40121865272522
1729,2019-10-11 7:00,1,3,2019-10-12 7:00,0.0,99.94573593139648,2019-10-13 7:00,0.0,96.01250886917114
1730,2019-10-11 9:00,2,2,2019-10-12 9:00,0.0,99.9817430973053,2019-10-13 9:00,0.0,99.95331764221191
1731,2019-10-11 11:30,1,2,2019-10-12 11:30,0.0,99.9692440032959,2019-10-13 11:30,0.0,99.34382438659668
1732,2019-10-11 13:00,1,2,2019-10-12 13:00,0.0,99.95753169059753,2019-10-13 13:00,0.0,99.95540976524353
1733,2019-10-11 14:00,1,3,2019-10-12 14:00,0.0,99.96103048324585,2019-10-13 14:00,0.0,99.96126294136047
1734,2019-10-12 1:00,1,3,2019-10-13 1:00,0.0,99.95408654212952,2019-10-14 1:00,0.0,99.92251992225647
1735,2019-10-12 6:30,1,3,2019-10-13 6:30,0.0,99.89811778068542,2019-10-14 6:30,0.0,99.91035461425781
1736,2019-10-12 6:30,1,2,2019-10-13 6:30,0.0,99.89346265792847,2019-10-14 6:30,0.0,99.95628595352173
1737,2019-10-12 7:00,1,2,2019-10-13 7:00,0.0,99.92331266403198,2019-10-14 7:00,0.0,99.95628595352173
1738,2019-10-12 14:00,2,2,2019-10-13 14:00,0.0,99.98348355293274,2019-10-14 14:00,0.0,99.98498558998108
1739,2019-10-13 1:30,1,3,2019-10-14 1:30,0.0,99.96351599693298,2019-10-15 1:30,0.0,99.95770454406738
1740,2019-10-13 8:00,2,2,2019-10-14 8:00,0.0,99.98472929000854,2019-10-15 8:00,0.0,99.97467994689941
1741,2019-10-13 9:00,2,2,2019-10-14 9:00,0.0,99.98472929000854,2019-10-15 9:00,0.0,99.96370673179626
1742,2019-10-13 15:30,2,1,2019-10-14 15:30,0.0,99.98655915260315,2019-10-15 15:30,0.0,99.97864961624146
1743,2019-10-13 17:30,2,3,2019-10-14 17:30,0.0,99.9900221824646,2019-10-15 17:30,0.0,99.98946189880371
1744,2019-10-13 19:00,2,2,2019-10-14 19:00,0.0,99.9812662601471,2019-10-15 19:00,0.0,99.95238184928894
1745,2019-10-13 20:00,1,3,2019-10-14 20:00,0.0,99.95067715644836,2019-10-15 20:00,0.0,99.93025064468384
1746,2019-10-13 22:00,2,1,2019-10-14 22:00,0.0,99.93950724601746,2019-10-15 22:00,0.0,99.95552897453308
1747,2019-10-14 4:00,1,3,2019-10-15 4:00,0.0,99.95222091674805,2019-10-16 4:00,0.0,99.82852935791016
1748,2019-10-14 7:00,2,1,2019-10-15 7:00,0.0,99.94507431983948,2019-10-16 7:00,0.0,99.9502420425415
1749,2019-10-14 9:00,2,3,2019-10-15 9:00,0.0,99.97972846031189,2019-10-16 9:00,0.0,99.98992085456848
1750,2019-10-14 19:00,2,3,2019-10-15 19:00,0.0,99.989914894104,2019-10-16 19:00,0.0,99.9805212020874
1751,2019-10-14 20:00,1,3,2019-10-15 20:00,0.0,99.95744228363037,2019-10-16 20:00,0.0,99.94037747383118
1752,2019-10-15 4:00,2,1,2019-10-16 4:00,0.0,99.96029138565063,2019-10-17 4:00,0.0,99.96486306190491
1753,2019-10-15 7:00,1,2,2019-10-16 7:00,0.0,99.77082014083862,2019-10-17 7:00,0.0,99.72677230834961
1754,2019-10-15 10:30,1,3,2019-10-16 10:30,0.0,99.95969533920288,2019-10-17 10:30,0.0,99.67963695526123
1755,2019-10-15 11:30,2,1,2019-10-16 11:30,0.0,99.98603463172913,2019-10-17 11:30,0.0,99.97832179069519
1756,2019-10-15 14:30,2,3,2019-10-16 14:30,0.0,99.98242855072021,2019-10-17 14:30,0.0,99.99020099639893
1757,2019-10-15 15:00,2,3,2019-10-16 15:00,0.0,99.9900221824646,2019-10-17 15:00,0.0,99.99020099639893
1758,2019-10-15 19:30,2,2,2019-10-16 19:30,0.0,99.98089075088501,2019-10-17 19:30,0.0,99.97233152389526
1759,2019-10-15 22:30,2,2,2019-10-16 22:30,0.0,99.9805748462677,2019-10-17 22:30,0.0,99.95962381362915
1760,2019-10-16 0:00,1,2,2019-10-17 0:00,0.0,99.9355673789978,2019-10-18 0:00,0.0,92.13338494300842
1761,2019-10-16 10:30,1,2,2019-10-17 10:30,0.0,99.85349178314209,2019-10-18 10:30,0.0,94.09306645393372
1762,2019-10-16 14:00,2,1,2019-10-17 14:00,0.0,99.90020394325256,2019-10-18 14:00,0.0,98.63405227661133
1763,2019-10-16 14:30,2,1,2019-10-17 14:30,0.0,99.91546273231506,2019-10-18 14:30,0.0,99.67670440673828
1764,2019-10-16 17:30,2,3,2019-10-17 17:30,0.0,99.98559951782227,2019-10-18 17:30,0.0,99.99080300331116
1765,2019-10-16 18:00,1,3,2019-10-17 18:00,0.0,99.96552467346191,2019-10-18 18:00,0.0,99.62577819824219
1766,2019-10-16 20:30,1,3,2019-10-17 20:30,0.0,99.96351599693298,2019-10-18 20:30,0.0,99.74771738052368
1767,2019-10-16 21:00,1,3,2019-10-17 21:00,0.0,99.94844794273376,2019-10-18 21:00,0.0,99.65353012084961
1768,2019-10-16 23:00,1,2,2019-10-17 23:00,0.0,99.79369044303894,2019-10-18 23:00,0.0,99.08038973808289
1769,2019-10-17 2:00,1,3,2019-10-18 2:00,0.0,99.66259002685547,2019-10-19 2:00,0.0,95.37362456321716
1770,2019-10-17 3:00,1,3,2019-10-18 3:00,0.0,99.28757548332214,2019-10-19 3:00,0.0,94.6445107460022
1771,2019-10-17 8:30,1,3,2019-10-18 8:30,0.0,98.56892824172974,2019-10-19 8:30,0.0,66.28801822662354
1772,2019-10-17 12:00,2,1,2019-10-18 12:00,0.0,99.8389720916748,2019-10-19 12:00,0.0,98.84581565856934
1773,2019-10-17 23:30,2,1,2019-10-18 23:30,0.0,98.19712042808533,2019-10-19 23:30,0.0,99.39455986022949
1774,2019-10-18 2:30,2,3,2019-10-19 2:30,0.0,99.98632669448853,2019-10-20 2:30,0.0,99.98750686645508
1775,2019-10-18 7:00,2,3,2019-10-19 7:00,0.0,99.98632669448853,2019-10-20 7:00,0.0,99.98869299888611
1776,2019-10-19 0:30,1,2,2019-10-20 0:30,0.0,99.92223978042603,2019-10-21 0:30,0.0,99.66400265693665
1777,2019-10-19 3:00,1,2,2019-10-20 3:00,0.0,99.93045926094055,2019-10-21 3:00,0.0,96.83671593666077
1778,2019-10-19 3:00,2,1,2019-10-20 3:00,0.0,98.91142249107361,2019-10-21 3:00,0.0,99.15480017662048
1779,2019-10-19 3:30,2,2,2019-10-20 3:30,0.0,99.98064041137695,2019-10-21 3:30,0.0,98.54468107223511
1780,2019-10-19 3:30,1,3,2019-10-20 3:30,0.0,99.93970990180969,2019-10-21 3:30,0.0,87.0709776878357
1781,2019-10-19 6:30,1,2,2019-10-20 6:30,0.0,98.40854406356812,2019-10-21 6:30,0.0,84.84548330307007
1782,2019-10-20 1:30,2,2,2019-10-21 1:30,0.0,99.97978210449219,2019-10-22 1:30,0.0,98.62338900566101
1783,2019-10-20 4:30,2,1,2019-10-21 4:30,0.0,99.2332935333252,2019-10-22 4:30,0.0,98.68512749671936
1784,2019-10-20 4:30,1,2,2019-10-21 4:30,0.0,99.93296265602112,2019-10-22 4:30,0.0,97.58263230323792
1785,2019-10-20 6:00,1,2,2019-10-21 6:00,0.0,99.94759559631348,2019-10-22 6:00,0.0,98.59655499458313
1786,2019-10-21 1:00,2,3,2019-10-22 1:00,0.0,99.98599290847778,2019-10-23 1:00,0.0,99.99011158943176
1787,2019-10-21 4:00,2,3,2019-10-22 4:00,0.0,99.98599290847778,2019-10-23 4:00,0.0,99.99011158943176
1788,2019-10-21 12:00,1,2,2019-10-22 12:00,0.0,99.96997117996216,2019-10-23 12:00,0.0,98.7777054309845
1789,2019-10-21 20:00,2,1,2019-10-22 20:00,0.0,99.93721842765808,2019-10-23 20:00,0.0,99.355947971344
1790,2019-10-21 21:00,1,2,2019-10-22 21:00,0.0,99.96245503425598,2019-10-23 21:00,0.0,99.5085060596466
1791,2019-10-22 7:00,2,1,2019-10-23 7:00,0.0,99.2332935333252,2019-10-24 7:00,0.0,98.74351024627686
1792,2019-10-22 8:30,1,2,2019-10-23 8:30,0.0,99.7571051120758,2019-10-24 8:30,0.0,94.2925751209259
1793,2019-10-22 11:30,2,1,2019-10-23 11:30,0.0,99.98680353164673,2019-10-24 11:30,0.0,97.93393611907959
1794,2019-10-22 14:00,2,3,2019-10-23 14:00,0.0,99.97608065605164,2019-10-24 14:00,0.0,99.99023079872131
1795,2019-10-22 18:30,1,2,2019-10-23 18:30,0.0,99.96632933616638,2019-10-24 18:30,0.0,99.64120984077454
1796,2019-10-23 10:00,1,2,2019-10-24 10:00,0.0,95.28465270996094,2019-10-25 10:00,0.0,99.13555383682251
1797,2019-10-23 12:00,2,1,2019-10-24 12:00,0.0,99.96875524520874,2019-10-25 12:00,0.0,95.79787254333496
1798,2019-10-24 2:30,1,3,2019-10-25 2:30,0.0,99.94844794273376,2019-10-26 2:30,0.0,99.90592002868652
1799,2019-10-24 4:30,1,2,2019-10-25 4:30,0.0,99.957275390625,2019-10-26 4:30,0.0,99.32108521461487
1800,2019-10-24 8:30,2,1,2019-10-25 8:30,0.0,99.97664093971252,2019-10-26 8:30,0.0,99.96291399002075
1801,2019-10-24 8:30,2,3,2019-10-25 8:30,0.0,99.97242093086243,2019-10-26 8:30,0.0,99.99080300331116
1802,2019-10-24 20:00,2,3,2019-10-25 20:00,0.0,99.9900221824646,2019-10-26 20:00,0.0,99.99080300331116
1803,2019-10-24 23:30,1,2,2019-10-25 23:30,0.0,99.9726414680481,2019-10-26 23:30,0.0,99.77114200592041
1804,2019-10-24 23:30,2,3,2019-10-25 23:30,0.0,99.97589588165283,2019-10-26 23:30,0.0,99.99080300331116
1805,2019-10-25 3:30,1,3,2019-10-26 3:30,0.0,99.96552467346191,2019-10-27 3:30,0.0,99.95400905609131
1806,2019-10-25 5:00,1,2,2019-10-26 5:00,0.0,99.95285272598267,2019-10-27 5:00,0.0,99.03974533081055
1807,2019-10-26 6:00,1,2,2019-10-27 6:00,0.0,99.96306896209717,2019-10-28 6:00,0.0,99.68687295913696
1808,2019-10-26 6:30,2,1,2019-10-27 6:30,0.0,99.91436004638672,2019-10-28 6:30,0.0,99.96106624603271
1809,2019-10-26 8:30,1,3,2019-10-27 8:30,0.0,99.90736246109009,2019-10-28 8:30,0.0,99.37834739685059
1810,2019-10-26 14:00,1,3,2019-10-27 14:00,0.0,99.96437430381775,2019-10-28 14:00,0.0,99.38796758651733
1811,2019-10-26 20:00,2,1,2019-10-27 20:00,0.0,99.92956519126892,2019-10-28 20:00,0.0,99.85208511352539
1812,2019-10-26 22:30,1,2,2019-10-27 22:30,0.0,99.88181591033936,2019-10-28 22:30,0.0,99.89051222801208
1813,2019-10-26 23:00,1,3,2019-10-27 23:00,0.0,99.83866810798645,2019-10-28 23:00,0.0,99.51097369194031
1814,2019-10-27 10:00,2,3,2019-10-28 10:00,0.0,99.97608065605164,2019-10-29 10:00,0.0,99.97930526733398
1815,2019-10-27 19:30,1,2,2019-10-28 19:30,0.0,99.94233250617981,2019-10-29 19:30,0.0,99.79426264762878
1816,2019-10-28 1:30,2,1,2019-10-29 1:30,0.0,99.75767731666565,2019-10-30 1:30,0.0,99.91830587387085
1817,2019-10-28 5:00,2,1,2019-10-29 5:00,0.0,99.89376068115234,2019-10-30 5:00,0.0,99.9349296092987
1818,2019-10-28 7:00,1,3,2019-10-29 7:00,0.0,99.80242848396301,2019-10-30 7:00,0.0,99.67847466468811
1819,2019-10-28 7:00,1,2,2019-10-29 7:00,0.0,99.88731741905212,2019-10-30 7:00,0.0,99.77341294288635
1820,2019-10-28 10:00,1,2,2019-10-29 10:00,0.0,99.92332458496094,2019-10-30 10:00,0.0,99.88368153572083
1821,2019-10-28 12:00,2,3,2019-10-29 12:00,0.0,99.97589588165283,2019-10-30 12:00,0.0,99.98051524162292
1822,2019-10-28 18:30,1,3,2019-10-29 18:30,0.0,99.8501181602478,2019-10-30 18:30,0.0,99.8579204082489
1823,2019-10-28 20:00,2,3,2019-10-29 20:00,0.0,99.97912645339966,2019-10-30 20:00,0.0,99.98810887336731
1824,2019-10-28 21:30,2,3,2019-10-29 21:30,0.0,99.98632669448853,2019-10-30 21:30,0.0,99.98750686645508
1825,2019-10-29 5:30,1,3,2019-10-30 5:30,0.0,99.44846630096436,2019-10-31 5:30,0.0,99.56728219985962
1826,2019-10-29 10:00,2,1,2019-10-30 10:00,0.0,99.96944069862366,2019-10-31 10:00,0.0,99.96291995048523
1827,2019-10-29 20:00,1,2,2019-10-30 20:00,0.0,99.94149804115295,2019-10-31 20:00,0.0,99.8762845993042
1828,2019-10-30 5:00,1,2,2019-10-31 5:00,0.0,99.88670945167542,2019-11-01 5:00,0.0,99.7992217540741
1829,2019-10-30 20:00,1,3,2019-10-31 20:00,0.0,99.92288947105408,2019-11-01 20:00,0.0,99.81652498245239
1830,2019-10-30 20:30,1,3,2019-10-31 20:30,0.0,99.92079138755798,2019-11-01 20:30,0.0,99.76112842559814
1831,2019-10-31 0:00,1,2,2019-11-01 0:00,0.0,99.89892840385437,2019-11-02 0:00,0.0,99.83609318733215
1832,2019-10-31 4:30,1,2,2019-11-01 4:30,0.0,99.83251690864563,2019-11-02 4:30,0.0,99.82708692550659
1833,2019-10-31 8:30,1,3,2019-11-01 8:30,0.0,99.7314989566803,2019-11-02 8:30,0.0,99.62073564529419
1834,2019-10-31 12:00,2,1,2019-11-01 12:00,0.0,99.96408820152283,2019-11-02 12:00,0.0,99.96323585510254
1835,2019-10-31 22:00,2,1,2019-11-01 22:00,0.0,99.91331696510315,2019-11-02 22:00,0.0,99.90668296813965
1836,2019-10-31 23:00,2,1,2019-11-01 23:00,0.0,99.88921880722046,2019-11-02 23:00,0.0,99.89771246910095
1837,2019-11-01 0:30,2,2,2019-11-02 0:30,0.0,99.84901547431946,2019-11-03 0:30,0.0,99.89621043205261
1838,2019-11-01 0:30,2,1,2019-11-02 0:30,0.0,99.86409544944763,2019-11-03 0:30,0.0,99.77800250053406
1839,2019-11-01 3:30,2,2,2019-11-02 3:30,0.0,99.88131523132324,2019-11-03 3:30,0.0,99.89621043205261
1840,2019-11-01 4:30,2,1,2019-11-02 4:30,0.0,99.76692795753479,2019-11-03 4:30,0.0,99.94100332260132
1841,2019-11-01 17:30,2,1,2019-11-02 17:30,0.0,99.9630331993103,2019-11-03 17:30,0.0,99.89970326423645
1842,2019-11-01 19:00,2,1,2019-11-02 19:00,0.0,99.95842576026917,2019-11-03 19:00,0.0,99.91024732589722
1843,2019-11-02 1:30,2,2,2019-11-03 1:30,0.0,99.87673759460449,2019-11-04 1:30,0.0,99.95658993721008
1844,2019-11-02 2:00,2,2,2019-11-03 2:00,0.0,99.90585446357727,2019-11-04 2:00,0.0,99.95658993721008
1845,2019-11-02 4:00,1,3,2019-11-03 4:00,0.0,99.89689588546753,2019-11-04 4:00,0.0,99.7480034828186
1846,2019-11-02 8:30,2,2,2019-11-03 8:30,0.0,99.93967413902283,2019-11-04 8:30,0.0,99.95926022529602
1847,2019-11-02 12:00,1,2,2019-11-03 12:00,0.0,99.92574453353882,2019-11-04 12:00,0.0,99.82509016990662
1848,2019-11-02 14:00,2,1,2019-11-03 14:00,0.0,99.94447827339172,2019-11-04 14:00,0.0,99.94319081306458
1849,2019-11-02 16:00,1,2,2019-11-03 16:00,0.0,99.70323443412781,2019-11-04 16:00,0.0,99.92594122886658
1850,2019-11-02 16:30,2,1,2019-11-03 16:30,0.0,99.88929629325867,2019-11-04 16:30,0.0,99.94465112686157
1851,2019-11-02 21:00,2,2,2019-11-03 21:00,0.0,99.89688396453857,2019-11-04 21:00,0.0,99.9391496181488
1852,2019-11-02 22:30,1,2,2019-11-03 22:30,0.0,99.58310127258301,2019-11-04 22:30,0.0,99.68438148498535
1853,2019-11-03 1:30,2,2,2019-11-04 1:30,0.0,99.90783333778381,2019-11-05 1:30,0.0,99.92132186889648
1854,2019-11-03 8:30,1,3,2019-11-04 8:30,0.0,98.64835739135742,2019-11-05 8:30,0.0,99.68242049217224
1855,2019-11-03 11:30,1,3,2019-11-04 11:30,0.0,99.92364048957825,2019-11-05 11:30,0.0,99.63937997817993
1856,2019-11-03 22:00,2,2,2019-11-04 22:00,0.0,99.91803765296936,2019-11-05 22:00,0.0,99.95869994163513
1857,2019-11-04 1:00,2,1,2019-11-05 1:00,0.0,99.84543919563293,2019-11-06 1:00,0.0,99.95197653770447
1858,2019-11-04 3:30,2,1,2019-11-05 3:30,0.0,99.85767006874084,2019-11-06 3:30,0.0,99.93102550506592
1859,2019-11-04 5:00,2,1,2019-11-05 5:00,0.0,99.90322589874268,2019-11-06 5:00,0.0,99.91759061813354
1860,2019-11-04 6:00,1,2,2019-11-05 6:00,0.0,99.87139105796814,2019-11-06 6:00,0.0,99.79207515716553
1861,2019-11-04 6:00,2,2,2019-11-05 6:00,0.0,99.92819428443909,2019-11-06 6:00,0.0,99.95284676551819
1862,2019-11-04 7:00,1,2,2019-11-05 7:00,0.0,99.88298416137695,2019-11-06 7:00,0.0,99.88934993743896
1863,2019-11-04 11:30,2,2,2019-11-05 11:30,0.0,99.94762539863586,2019-11-06 11:30,0.0,99.7226357460022
1864,2019-11-04 13:30,1,2,2019-11-05 13:30,0.0,99.94019269943237,2019-11-06 13:30,0.0,99.93346929550171
1865,2019-11-04 16:30,2,2,2019-11-05 16:30,0.0,99.72337484359741,2019-11-06 16:30,0.0,99.93997812271118
1866,2019-11-05 1:00,1,3,2019-11-06 1:00,0.0,99.85815286636353,2019-11-07 1:00,0.0,99.58366751670837
1867,2019-11-05 2:00,2,1,2019-11-06 2:00,0.0,99.9552071094513,2019-11-07 2:00,0.0,99.93809461593628
1868,2019-11-05 4:00,2,1,2019-11-06 4:00,0.0,99.9552071094513,2019-11-07 4:00,0.0,99.94820356369019
1869,2019-11-05 12:00,2,2,2019-11-06 12:00,0.0,99.93313550949097,2019-11-07 12:00,0.0,99.8572587966919
1870,2019-11-05 14:30,1,2,2019-11-06 14:30,0.0,99.75916743278503,2019-11-07 14:30,0.0,99.92594122886658
1871,2019-11-05 18:00,2,1,2019-11-06 18:00,0.0,99.8205304145813,2019-11-07 18:00,0.0,99.91667866706848
1872,2019-11-05 19:30,2,2,2019-11-06 19:30,0.0,99.94101524353027,2019-11-07 19:30,0.0,99.9402642250061
1873,2019-11-05 20:30,1,3,2019-11-06 20:30,0.0,99.87276196479797,2019-11-07 20:30,0.0,99.74814653396606
1874,2019-11-06 0:00,2,1,2019-11-07 0:00,0.0,99.90322589874268,2019-11-08 0:00,0.0,99.90688562393188
1875,2019-11-06 4:00,2,2,2019-11-07 4:00,0.0,99.93774890899658,2019-11-08 4:00,0.0,99.93830919265747
1876,2019-11-06 6:30,2,2,2019-11-07 6:30,0.0,99.90987777709961,2019-11-08 6:30,0.0,99.94431138038635
1877,2019-11-06 7:30,2,2,2019-11-07 7:30,0.0,99.93774890899658,2019-11-08 7:30,0.0,99.95284676551819
1878,2019-11-06 12:00,2,1,2019-11-07 12:00,0.0,99.95622634887695,2019-11-08 12:00,0.0,99.9579906463623
1879,2019-11-06 12:30,2,2,2019-11-07 12:30,0.0,99.96225833892822,2019-11-08 12:30,0.0,99.9620258808136
1880,2019-11-06 13:00,1,2,2019-11-07 13:00,0.0,99.91263151168823,2019-11-08 13:00,0.0,99.7704803943634
1881,2019-11-06 15:30,2,2,2019-11-07 15:30,0.0,99.94874596595764,2019-11-08 15:30,0.0,99.94710087776184
1882,2019-11-06 18:00,2,1,2019-11-07 18:00,0.0,99.8205304145813,2019-11-08 18:00,0.0,99.91667866706848
1883,2019-11-07 3:00,2,2,2019-11-08 3:00,0.0,99.93967413902283,2019-11-09 3:00,0.0,99.95926022529602
1884,2019-11-07 20:30,2,2,2019-11-08 20:30,0.0,99.9712347984314,2019-11-09 20:30,0.0,99.89405274391174
1885,2019-11-07 21:00,1,3,2019-11-08 21:00,0.0,99.93529319763184,2019-11-09 21:00,0.0,98.49547147750854
1886,2019-11-07 22:00,1,2,2019-11-08 22:00,0.0,99.87558126449585,2019-11-09 22:00,0.0,99.79760646820068
1887,2019-11-08 2:00,2,1,2019-11-09 2:00,0.0,99.97608661651611,2019-11-10 2:00,0.0,99.88335967063904
1888,2019-11-08 3:30,2,1,2019-11-09 3:30,0.0,99.9739408493042,2019-11-10 3:30,0.0,99.88335967063904
1889,2019-11-08 7:00,1,2,2019-11-09 7:00,0.0,99.85196590423584,2019-11-10 7:00,0.0,99.74511861801147
1890,2019-11-08 9:30,2,1,2019-11-09 9:30,0.0,99.97966289520264,2019-11-10 9:30,0.0,99.96961951255798
1891,2019-11-08 11:30,1,2,2019-11-09 11:30,0.0,99.71491694450378,2019-11-10 11:30,0.0,99.8300552368164
1892,2019-11-09 0:30,2,1,2019-11-10 0:30,0.0,99.96297359466553,2019-11-11 0:30,0.0,99.83853697776794
1893,2019-11-09 1:30,1,3,2019-11-10 1:30,0.0,99.91257786750793,2019-11-11 1:30,0.0,99.54379200935364
1894,2019-11-09 4:00,1,2,2019-11-10 4:00,0.0,99.9017059803009,2019-11-11 4:00,0.0,99.84517097473145
1895,2019-11-09 6:30,1,3,2019-11-10 6:30,0.0,99.82748031616211,2019-11-11 6:30,0.0,99.76721405982971
1896,2019-11-09 7:30,1,3,2019-11-10 7:30,0.0,99.6207058429718,2019-11-11 7:30,0.0,99.77243542671204
1897,2019-11-09 7:30,1,2,2019-11-10 7:30,0.0,99.81818795204163,2019-11-11 7:30,0.0,99.81914758682251
1898,2019-11-09 9:30,2,1,2019-11-10 9:30,0.0,99.94522333145142,2019-11-11 9:30,0.0,99.96150135993958
1899,2019-11-09 10:30,2,2,2019-11-10 10:30,0.0,99.96296167373657,2019-11-11 10:30,0.0,99.97057318687439
1900,2019-11-09 13:00,1,3,2019-11-10 13:00,0.0,99.91945624351501,2019-11-11 13:00,0.0,99.47091341018677
1901,2019-11-09 15:00,1,2,2019-11-10 15:00,0.0,99.91620182991028,2019-11-11 15:00,0.0,99.91273880004883
1902,2019-11-09 16:30,1,3,2019-11-10 16:30,0.0,99.84458088874817,2019-11-11 16:30,0.0,99.81853365898132
1903,2019-11-09 19:30,2,1,2019-11-10 19:30,0.0,99.97501969337463,2019-11-11 19:30,0.0,99.90890622138977
1904,2019-11-09 21:00,1,3,2019-11-10 21:00,0.0,99.89999532699585,2019-11-11 21:00,0.0,99.79347586631775
1905,2019-11-09 22:00,2,2,2019-11-10 22:00,0.0,99.91607666015625,2019-11-11 22:00,0.0,99.95658993721008
1906,2019-11-10 10:00,2,1,2019-11-11 10:00,0.0,99.92586374282837,2019-11-12 10:00,0.0,99.93900060653687
1907,2019-11-10 11:30,1,2,2019-11-11 11:30,0.0,99.90411400794983,2019-11-12 11:30,0.0,99.91121888160706
1908,2019-11-10 13:30,1,2,2019-11-11 13:30,0.0,99.93842244148254,2019-11-12 13:30,0.0,99.85746145248413
1909,2019-11-10 15:00,1,2,2019-11-11 15:00,0.0,99.95520114898682,2019-11-12 15:00,0.0,99.91675019264221
1910,2019-11-11 8:30,1,3,2019-11-12 8:30,0.0,99.26338791847229,2019-11-13 8:30,0.0,99.06582236289978
1911,2019-11-11 9:30,1,2,2019-11-12 9:30,0.0,99.5096206665039,2019-11-13 9:30,0.0,99.24942255020142
1912,2019-11-11 14:00,1,2,2019-11-12 14:00,0.0,99.70905184745789,2019-11-13 14:00,0.0,99.66638684272766
1913,2019-11-11 14:30,1,2,2019-11-12 14:30,0.0,99.86076951026917,2019-11-13 14:30,0.0,99.46746826171875
1914,2019-11-11 18:00,1,3,2019-11-12 18:00,0.0,99.90034103393555,2019-11-13 18:00,0.0,99.76346492767334
1915,2019-11-12 2:30,1,2,2019-11-13 2:30,0.0,99.87037181854248,2019-11-14 2:30,0.0,99.82471466064453
1916,2019-11-12 5:00,2,2,2019-11-13 5:00,0.0,99.90987777709961,2019-11-14 5:00,0.0,99.91961717605591
1917,2019-11-12 9:30,1,3,2019-11-13 9:30,0.0,99.71113801002502,2019-11-14 9:30,0.0,99.64168667793274
1918,2019-11-12 13:30,1,3,2019-11-13 13:30,0.0,99.9502956867218,2019-11-14 13:30,0.0,99.46603775024414
1919,2019-11-12 23:30,2,2,2019-11-13 23:30,0.0,99.90987777709961,2019-11-14 23:30,0.0,99.92359280586243
1920,2019-11-12 23:30,1,3,2019-11-13 23:30,0.0,99.83980655670166,2019-11-14 23:30,0.0,99.53389763832092
1921,2019-11-13 0:30,2,1,2019-11-14 0:30,0.0,99.95119571685791,2019-11-15 0:30,0.0,99.94907975196838
1922,2019-11-13 5:00,1,2,2019-11-14 5:00,0.0,99.9013602733612,2019-11-15 5:00,0.0,99.35816526412964
1923,2019-11-13 11:00,1,2,2019-11-14 11:00,0.0,99.89879131317139,2019-11-15 11:00,0.0,99.52667951583862
1924,2019-11-13 12:30,1,2,2019-11-14 12:30,0.0,99.86741542816162,2019-11-15 12:30,0.0,99.47447180747986
1925,2019-11-13 17:00,2,2,2019-11-14 17:00,0.0,99.89432692527771,2019-11-15 17:00,0.0,99.9326765537262
1926,2019-11-14 4:00,2,2,2019-11-15 4:00,0.0,99.93828535079956,2019-11-16 4:00,0.0,99.87009763717651
1927,2019-11-14 9:00,1,2,2019-11-15 9:00,0.0,95.95158696174622,2019-11-16 9:00,0.0,99.80745315551758
1928,2019-11-14 16:00,1,3,2019-11-15 16:00,0.0,99.35953617095947,2019-11-16 16:00,0.0,99.4863748550415
1929,2019-11-14 21:00,1,3,2019-11-15 21:00,0.0,99.69925284385681,2019-11-16 21:00,0.0,94.43577527999878
1930,2019-11-14 21:30,1,3,2019-11-15 21:30,0.0,99.71529841423035,2019-11-16 21:30,0.0,94.02744770050049
1931,2019-11-14 23:30,1,2,2019-11-15 23:30,0.0,99.75310564041138,2019-11-16 23:30,0.0,99.37433004379272
1932,2019-11-15 10:00,1,3,2019-11-16 10:00,0.0,99.76071119308472,2019-11-17 10:00,0.0,99.19852018356323
1933,2019-11-15 10:00,1,2,2019-11-16 10:00,0.0,99.82055425643921,2019-11-17 10:00,0.0,99.06665086746216
1934,2019-11-15 10:30,1,2,2019-11-16 10:30,0.0,99.81930255889893,2019-11-17 10:30,0.0,99.39343333244324
1935,2019-11-15 15:30,2,1,2019-11-16 15:30,0.0,99.94369149208069,2019-11-17 15:30,0.0,99.96631145477295
1936,2019-11-15 16:00,1,2,2019-11-16 16:00,0.0,99.88933205604553,2019-11-17 16:00,0.0,99.72516894340515
1937,2019-11-15 19:00,1,2,2019-11-16 19:00,0.0,99.30347800254822,2019-11-17 19:00,0.0,99.68364834785461
1938,2019-11-15 19:30,1,2,2019-11-16 19:30,0.0,97.91877269744873,2019-11-17 19:30,0.0,99.7040867805481
1939,2019-11-15 19:30,1,3,2019-11-16 19:30,0.0,99.34484362602234,2019-11-17 19:30,0.0,99.3565320968628
1940,2019-11-15 20:00,1,2,2019-11-16 20:00,0.0,98.38165640830994,2019-11-17 20:00,0.0,99.73177909851074
1941,2019-11-15 20:00,1,3,2019-11-16 20:00,0.0,98.66790175437927,2019-11-17 20:00,0.0,99.4849681854248
1942,2019-11-15 20:30,1,3,2019-11-16 20:30,0.0,94.85248327255249,2019-11-17 20:30,0.0,99.47240948677063
1943,2019-11-15 21:00,1,2,2019-11-16 21:00,0.0,99.45405721664429,2019-11-17 21:00,0.0,99.72069263458252
1944,2019-11-15 21:00,1,3,2019-11-16 21:00,0.0,99.63582158088684,2019-11-17 21:00,0.0,98.97353053092957
1945,2019-11-15 21:30,1,2,2019-11-16 21:30,0.0,99.66333508491516,2019-11-17 21:30,0.0,99.36510920524597
1946,2019-11-15 21:30,1,3,2019-11-16 21:30,0.0,99.6407151222229,2019-11-17 21:30,0.0,99.47240948677063
1947,2019-11-15 22:30,1,2,2019-11-16 22:30,0.0,99.8667299747467,2019-11-17 22:30,0.0,99.70139861106873
1948,2019-11-15 22:30,1,3,2019-11-16 22:30,0.0,99.81203079223633,2019-11-17 22:30,0.0,99.54667091369629
1949,2019-11-15 23:00,2,1,2019-11-16 23:00,0.0,99.95236992835999,2019-11-17 23:00,0.0,99.92230534553528
1950,2019-11-15 23:00,1,2,2019-11-16 23:00,0.0,99.86469745635986,2019-11-17 23:00,0.0,99.45753812789917
1951,2019-11-15 23:00,2,2,2019-11-16 23:00,0.0,99.87016916275024,2019-11-17 23:00,0.0,99.39649105072021
1952,2019-11-15 23:00,1,3,2019-11-16 23:00,0.0,99.62711334228516,2019-11-17 23:00,0.0,98.98275136947632
1953,2019-11-15 23:30,2,1,2019-11-16 23:30,0.0,99.95236992835999,2019-11-17 23:30,0.0,99.9310553073883
1954,2019-11-15 23:30,1,2,2019-11-16 23:30,0.0,99.86469745635986,2019-11-17 23:30,0.0,99.73236918449402
1955,2019-11-15 23:30,2,2,2019-11-16 23:30,0.0,99.87016916275024,2019-11-17 23:30,0.0,99.42058324813843
1956,2019-11-15 23:30,1,3,2019-11-16 23:30,0.0,99.87067580223083,2019-11-17 23:30,0.0,99.47240948677063
1957,2019-11-16 0:00,2,1,2019-11-17 0:00,0.0,99.95236992835999,2019-11-18 0:00,0.0,99.9310553073883
1958,2019-11-16 0:00,2,2,2019-11-17 0:00,0.0,99.8993456363678,2019-11-18 0:00,0.0,99.35575723648071
1959,2019-11-16 0:30,2,1,2019-11-17 0:30,0.0,99.95236992835999,2019-11-18 0:30,0.0,99.95436668395996
1960,2019-11-16 0:30,2,2,2019-11-17 0:30,0.0,99.8993456363678,2019-11-18 0:30,0.0,99.40006136894226
1961,2019-11-16 1:00,2,1,2019-11-17 1:00,0.0,99.95236992835999,2019-11-18 1:00,0.0,99.95436668395996
1962,2019-11-16 1:00,2,2,2019-11-17 1:00,0.0,99.8993456363678,2019-11-18 1:00,0.0,99.40006136894226
1963,2019-11-16 1:00,1,3,2019-11-17 1:00,0.0,99.81203079223633,2019-11-18 1:00,0.0,99.47240948677063
1964,2019-11-16 1:30,2,1,2019-11-17 1:30,0.0,99.95236992835999,2019-11-18 1:30,0.0,99.95436668395996
1965,2019-11-16 1:30,1,2,2019-11-17 1:30,0.0,99.88359212875366,2019-11-18 1:30,0.0,99.66209530830383
1966,2019-11-16 1:30,2,2,2019-11-17 1:30,0.0,99.8993456363678,2019-11-18 1:30,0.0,99.40006136894226
1967,2019-11-16 2:00,2,1,2019-11-17 2:00,0.0,99.95236992835999,2019-11-18 2:00,0.0,99.94210004806519
1968,2019-11-16 2:00,2,2,2019-11-17 2:00,0.0,99.8993456363678,2019-11-18 2:00,0.0,99.26735758781433
1969,2019-11-16 2:00,1,3,2019-11-17 2:00,0.0,99.84489679336548,2019-11-18 2:00,0.0,99.42404627799988
1970,2019-11-16 2:30,1,2,2019-11-17 2:30,0.0,99.87136125564575,2019-11-18 2:30,0.0,99.25925135612488
1971,2019-11-16 2:30,1,3,2019-11-17 2:30,0.0,99.84489679336548,2019-11-18 2:30,0.0,99.42404627799988
1972,2019-11-16 3:30,1,3,2019-11-17 3:30,0.0,99.63157773017883,2019-11-18 3:30,0.0,99.03168678283691
1973,2019-11-16 3:30,2,2,2019-11-17 3:30,0.0,99.8930811882019,2019-11-18 3:30,0.0,99.41145181655884
1974,2019-11-16 4:00,1,2,2019-11-17 4:00,0.0,99.85621571540833,2019-11-18 4:00,0.0,97.88060188293457
1975,2019-11-16 11:30,1,3,2019-11-17 11:30,0.0,99.60415363311768,2019-11-18 11:30,0.0,99.4913399219513
1976,2019-11-16 14:00,1,2,2019-11-17 14:00,0.0,98.50814938545227,2019-11-18 14:00,0.0,99.80493187904358
1977,2019-11-16 19:30,1,3,2019-11-17 19:30,0.0,99.2047905921936,2019-11-18 19:30,0.0,99.14776086807251
1978,2019-11-16 20:00,1,2,2019-11-17 20:00,0.0,99.83600378036499,2019-11-18 20:00,0.0,99.65046048164368
1979,2019-11-16 21:30,1,2,2019-11-17 21:30,0.0,99.84926581382751,2019-11-18 21:30,0.0,98.7760066986084
1980,2019-11-16 22:00,1,2,2019-11-17 22:00,0.0,99.86069202423096,2019-11-18 22:00,0.0,98.34489822387695
1981,2019-11-16 22:00,1,3,2019-11-17 22:00,0.0,99.684739112854,2019-11-18 22:00,0.0,99.02653098106384
1982,2019-11-16 22:30,1,2,2019-11-17 22:30,0.0,99.84051585197449,2019-11-18 22:30,0.0,99.4003415107727
1983,2019-11-16 22:30,1,3,2019-11-17 22:30,0.0,99.643474817276,2019-11-18 22:30,0.0,99.02653098106384
1984,2019-11-16 23:00,2,1,2019-11-17 23:00,0.0,99.94748830795288,2019-11-18 23:00,0.0,99.96771812438965
1985,2019-11-16 23:00,2,2,2019-11-17 23:00,0.0,99.89385604858398,2019-11-18 23:00,0.0,99.41145181655884
1986,2019-11-16 23:30,2,1,2019-11-17 23:30,0.0,99.93892312049866,2019-11-18 23:30,0.0,99.96771812438965
1987,2019-11-16 23:30,1,2,2019-11-17 23:30,0.0,99.84051585197449,2019-11-18 23:30,0.0,99.4003415107727
1988,2019-11-16 23:30,2,2,2019-11-17 23:30,0.0,99.91183280944824,2019-11-18 23:30,0.0,99.43654537200928
1989,2019-11-16 23:30,1,3,2019-11-17 23:30,0.0,99.57583546638489,2019-11-18 23:30,0.0,99.07472133636475
1990,2019-11-17 0:00,2,1,2019-11-18 0:00,0.0,99.93892312049866,2019-11-19 0:00,0.0,99.96771812438965
1991,2019-11-17 0:00,1,2,2019-11-18 0:00,0.0,99.86069202423096,2019-11-19 0:00,0.0,99.4003415107727
1992,2019-11-17 0:00,2,2,2019-11-18 0:00,0.0,99.91791844367981,2019-11-19 0:00,0.0,99.93905425071716
1993,2019-11-17 0:00,1,3,2019-11-18 0:00,0.0,99.6046781539917,2019-11-19 0:00,0.0,99.1492748260498
1994,2019-11-17 0:30,2,1,2019-11-18 0:30,0.0,99.93622899055481,2019-11-19 0:30,0.0,99.96771812438965
1995,2019-11-17 0:30,1,2,2019-11-18 0:30,0.0,99.86069202423096,2019-11-19 0:30,0.0,98.49300980567932
1996,2019-11-17 0:30,2,2,2019-11-18 0:30,0.0,99.92450475692749,2019-11-19 0:30,0.0,99.93905425071716
1997,2019-11-17 0:30,1,3,2019-11-18 0:30,0.0,99.6046781539917,2019-11-19 0:30,0.0,99.1492748260498
1998,2019-11-17 1:00,2,1,2019-11-18 1:00,0.0,99.94748830795288,2019-11-19 1:00,0.0,99.96496438980103
1999,2019-11-17 1:00,1,2,2019-11-18 1:00,0.0,99.86069202423096,2019-11-19 1:00,0.0,98.32104444503784
2000,2019-11-17 1:00,2,2,2019-11-18 1:00,0.0,99.92450475692749,2019-11-19 1:00,0.0,99.93905425071716
2001,2019-11-17 1:00,1,3,2019-11-18 1:00,0.0,99.6046781539917,2019-11-19 1:00,0.0,99.10967946052551
2002,2019-11-17 1:30,2,1,2019-11-18 1:30,0.0,99.94748830795288,2019-11-19 1:30,0.0,99.96496438980103
2003,2019-11-17 1:30,1,2,2019-11-18 1:30,0.0,99.86069202423096,2019-11-19 1:30,0.0,99.35190677642822
2004,2019-11-17 1:30,2,2,2019-11-18 1:30,0.0,99.92450475692749,2019-11-19 1:30,0.0,99.65486526489258
2005,2019-11-17 1:30,1,3,2019-11-18 1:30,0.0,99.57247376441956,2019-11-19 1:30,0.0,98.96402955055237
2006,2019-11-17 2:00,2,1,2019-11-18 2:00,0.0,99.93892312049866,2019-11-19 2:00,0.0,99.96496438980103
2007,2019-11-17 2:00,1,2,2019-11-18 2:00,0.0,99.86069202423096,2019-11-19 2:00,0.0,99.35190677642822
2008,2019-11-17 2:00,2,2,2019-11-18 2:00,0.0,99.91791844367981,2019-11-19 2:00,0.0,99.93905425071716
2009,2019-11-17 2:00,1,3,2019-11-18 2:00,0.0,99.6046781539917,2019-11-19 2:00,0.0,98.96402955055237
2010,2019-11-17 2:30,1,3,2019-11-18 2:30,0.0,99.57247376441956,2019-11-19 2:30,0.0,98.96402955055237
2011,2019-11-17 2:30,2,1,2019-11-18 2:30,0.0,99.93892312049866,2019-11-19 2:30,0.0,99.96496438980103
2012,2019-11-17 3:00,1,2,2019-11-18 3:00,0.0,99.86069202423096,2019-11-19 3:00,0.0,99.35190677642822
2013,2019-11-17 3:00,1,3,2019-11-18 3:00,0.0,99.57247376441956,2019-11-19 3:00,0.0,98.96402955055237
2014,2019-11-17 3:30,1,2,2019-11-18 3:30,0.0,99.86069202423096,2019-11-19 3:30,0.0,98.29813241958618
2015,2019-11-17 3:30,1,3,2019-11-18 3:30,0.0,99.6046781539917,2019-11-19 3:30,0.0,98.96402955055237
2016,2019-11-17 4:00,1,2,2019-11-18 4:00,0.0,99.86069202423096,2019-11-19 4:00,0.0,99.35190677642822
2017,2019-11-17 4:30,1,3,2019-11-18 4:30,0.0,99.6046781539917,2019-11-19 4:30,0.0,99.10967946052551
2018,2019-11-17 9:00,2,2,2019-11-18 9:00,0.0,99.93446469306946,2019-11-19 9:00,0.0,99.9053418636322
2019,2019-11-17 20:00,2,2,2019-11-18 20:00,0.0,99.90169405937195,2019-11-19 20:00,0.0,99.78532195091248
2020,2019-11-17 20:30,1,3,2019-11-18 20:30,0.0,99.5692491531372,2019-11-19 20:30,0.0,99.6667742729187
2021,2019-11-17 20:30,2,1,2019-11-18 20:30,0.0,99.94324445724487,2019-11-19 20:30,0.0,99.95658993721008
2022,2019-11-17 22:30,1,3,2019-11-18 22:30,0.0,98.8055944442749,2019-11-19 22:30,0.0,99.6667742729187
2023,2019-11-18 2:00,2,2,2019-11-19 2:00,0.0,99.89473223686218,2019-11-20 2:00,0.0,99.86991882324219
2024,2019-11-18 4:00,2,2,2019-11-19 4:00,0.0,99.86054301261902,2019-11-20 4:00,0.0,99.58297610282898
2025,2019-11-18 10:00,2,1,2019-11-19 10:00,0.0,99.9178409576416,2019-11-20 10:00,0.0,99.88257884979248
2026,2019-11-18 11:00,1,3,2019-11-19 11:00,0.0,99.84447956085205,2019-11-20 11:00,0.0,99.82322454452515
2027,2019-11-18 11:30,1,2,2019-11-19 11:30,0.0,99.91923570632935,2019-11-20 11:30,0.0,99.86245632171631
2028,2019-11-18 14:30,2,2,2019-11-19 14:30,0.0,99.75188970565796,2019-11-20 14:30,0.0,99.87934827804565
2029,2019-11-18 18:00,1,3,2019-11-19 18:00,0.0,99.78687167167664,2019-11-20 18:00,0.0,99.8420000076294
2030,2019-11-18 22:00,1,3,2019-11-19 22:00,0.0,99.53554272651672,2019-11-20 22:00,0.0,99.65336322784424
2031,2019-11-19 2:00,1,3,2019-11-20 2:00,0.0,97.3793089389801,2019-11-21 2:00,0.0,91.79635047912598
2032,2019-11-19 3:30,2,1,2019-11-20 3:30,0.0,99.91061091423035,2019-11-21 3:30,0.0,99.71994757652283
2033,2019-11-19 3:30,1,3,2019-11-20 3:30,0.0,99.38746690750122,2019-11-21 3:30,0.0,99.55384731292725
2034,2019-11-19 21:30,2,1,2019-11-20 21:30,0.0,99.40968155860901,2019-11-21 21:30,0.0,98.7242341041565
2035,2019-11-19 22:00,1,2,2019-11-20 22:00,0.0,99.81448650360107,2019-11-21 22:00,0.0,99.75174069404602
2036,2019-11-20 3:00,1,2,2019-11-21 3:00,0.0,99.77306127548218,2019-11-22 3:00,0.0,99.89345669746399
2037,2019-11-20 7:00,2,1,2019-11-21 7:00,0.0,99.89326000213623,2019-11-22 7:00,0.0,99.23145771026611
2038,2019-11-20 8:30,1,3,2019-11-21 8:30,0.0,99.62417483329773,2019-11-22 8:30,0.0,99.86578822135925
2039,2019-11-20 9:00,2,1,2019-11-21 9:00,0.0,99.96331334114075,2019-11-22 9:00,0.0,99.94372725486755
2040,2019-11-20 20:00,1,3,2019-11-21 20:00,0.0,99.5894193649292,2019-11-22 20:00,0.0,99.70271587371826
2041,2019-11-20 23:30,1,2,2019-11-21 23:30,0.0,99.44170713424683,2019-11-22 23:30,0.0,99.26844239234924
2042,2019-11-21 0:00,2,1,2019-11-22 0:00,0.0,99.80424642562866,2019-11-23 0:00,0.0,99.59903359413147
2043,2019-11-21 5:00,2,1,2019-11-22 5:00,0.0,99.14093017578125,2019-11-23 5:00,0.0,99.78859424591064
2044,2019-11-21 7:30,1,3,2019-11-22 7:30,0.0,99.09870624542236,2019-11-23 7:30,0.0,99.49474334716797
2045,2019-11-21 10:00,2,1,2019-11-22 10:00,0.0,97.58636355400085,2019-11-23 10:00,0.0,99.33388829231262
2046,2019-11-21 16:00,1,2,2019-11-22 16:00,0.0,98.58723878860474,2019-11-23 16:00,0.0,99.93658065795898
2047,2019-11-21 17:00,1,3,2019-11-22 17:00,0.0,99.7536838054657,2019-11-23 17:00,0.0,99.91124272346497
2048,2019-11-21 18:00,2,2,2019-11-22 18:00,0.0,99.9806821346283,2019-11-23 18:00,0.0,99.93045926094055
2049,2019-11-21 20:30,1,3,2019-11-22 20:30,0.0,99.79492425918579,2019-11-23 20:30,0.0,99.91124272346497
2050,2019-11-21 20:30,1,2,2019-11-22 20:30,0.0,99.80822205543518,2019-11-23 20:30,0.0,99.91981983184814
2051,2019-11-22 3:30,1,3,2019-11-23 3:30,0.0,99.75120425224304,2019-11-24 3:30,0.0,99.8259425163269
2052,2019-11-22 5:30,2,1,2019-11-23 5:30,0.0,99.91871118545532,2019-11-24 5:30,0.0,99.63974952697754
2053,2019-11-22 7:00,2,1,2019-11-23 7:00,0.0,99.67659115791321,2019-11-24 7:00,0.0,99.14457201957703
2054,2019-11-22 14:00,2,2,2019-11-23 14:00,0.0,99.97683763504028,2019-11-24 14:00,0.0,97.32851386070251
2055,2019-11-22 14:30,1,2,2019-11-23 14:30,0.0,99.95192885398865,2019-11-24 14:30,0.0,99.94226098060608
2056,2019-11-22 14:30,2,2,2019-11-23 14:30,0.0,99.9765932559967,2019-11-24 14:30,0.0,94.62911486625671
2057,2019-11-22 15:00,2,1,2019-11-23 15:00,0.0,99.97844099998474,2019-11-24 15:00,0.0,99.50690865516663
2058,2019-11-22 15:00,1,2,2019-11-23 15:00,0.0,99.95527267456055,2019-11-24 15:00,0.0,99.92808699607849
2059,2019-11-22 15:00,2,2,2019-11-23 15:00,0.0,99.9765932559967,2019-11-24 15:00,0.0,94.56667900085449
2060,2019-11-22 15:30,2,1,2019-11-23 15:30,0.0,99.97550845146179,2019-11-24 15:30,0.0,99.9066412448883
2061,2019-11-22 15:30,1,2,2019-11-23 15:30,0.0,99.95527267456055,2019-11-24 15:30,0.0,99.92808699607849
2062,2019-11-22 15:30,2,2,2019-11-23 15:30,0.0,99.98388290405273,2019-11-24 15:30,0.0,98.51179122924805
2063,2019-11-22 16:00,2,1,2019-11-23 16:00,0.0,99.9724805355072,2019-11-24 16:00,0.0,99.86299872398376
2064,2019-11-22 16:00,1,2,2019-11-23 16:00,0.0,99.95258450508118,2019-11-24 16:00,0.0,99.92526173591614
2065,2019-11-22 16:00,2,2,2019-11-23 16:00,0.0,99.97702836990356,2019-11-24 16:00,0.0,97.21605181694031
2066,2019-11-22 16:00,1,3,2019-11-23 16:00,0.0,99.77509379386902,2019-11-24 16:00,0.0,99.8865008354187
2067,2019-11-22 16:30,1,2,2019-11-23 16:30,0.0,99.9540388584137,2019-11-24 16:30,0.0,99.863600730896
2068,2019-11-22 16:30,2,2,2019-11-23 16:30,0.0,99.908447265625,2019-11-24 16:30,0.0,98.41815233230591
2069,2019-11-22 17:00,1,2,2019-11-23 17:00,0.0,99.9540388584137,2019-11-24 17:00,0.0,99.87501502037048
2070,2019-11-22 17:00,1,3,2019-11-23 17:00,0.0,99.8210608959198,2019-11-24 17:00,0.0,99.8865008354187
2071,2019-11-22 18:30,2,1,2019-11-23 18:30,0.0,99.91204142570496,2019-11-24 18:30,0.0,99.83741044998169
2072,2019-11-22 21:00,1,2,2019-11-23 21:00,0.0,99.9028205871582,2019-11-24 21:00,0.0,99.84932541847229
2073,2019-11-23 0:30,2,2,2019-11-24 0:30,0.0,99.92307424545288,2019-11-25 0:30,0.0,99.80296492576599
2074,2019-11-23 4:30,2,1,2019-11-24 4:30,0.0,99.89466071128845,2019-11-25 4:30,0.0,99.91276860237122
2075,2019-11-23 5:30,2,1,2019-11-24 5:30,0.0,99.92249011993408,2019-11-25 5:30,0.0,99.93438720703125
2076,2019-11-23 10:00,2,1,2019-11-24 10:00,0.0,99.94454383850098,2019-11-25 10:00,0.0,99.96305704116821
2077,2019-11-23 14:00,2,2,2019-11-24 14:00,0.0,99.9467134475708,2019-11-25 14:00,0.0,99.96054172515869
2078,2019-11-23 14:30,1,2,2019-11-24 14:30,0.0,99.91586208343506,2019-11-25 14:30,0.0,99.66129660606384
2079,2019-11-23 14:30,2,2,2019-11-24 14:30,0.0,99.90106225013733,2019-11-25 14:30,0.0,99.95887875556946
2080,2019-11-23 15:00,2,1,2019-11-24 15:00,0.0,99.94269013404846,2019-11-25 15:00,0.0,99.9510109424591
2081,2019-11-23 15:00,1,2,2019-11-24 15:00,0.0,99.69478845596313,2019-11-25 15:00,0.0,99.57960247993469
2082,2019-11-23 15:00,2,2,2019-11-24 15:00,0.0,99.94121193885803,2019-11-25 15:00,0.0,99.96232986450195
2083,2019-11-23 15:30,2,1,2019-11-24 15:30,0.0,99.93115067481995,2019-11-25 15:30,0.0,99.95793104171753
2084,2019-11-23 15:30,1,2,2019-11-24 15:30,0.0,99.89698529243469,2019-11-25 15:30,0.0,98.4358012676239
2085,2019-11-23 15:30,2,2,2019-11-24 15:30,0.0,99.92393851280212,2019-11-25 15:30,0.0,99.95887875556946
2086,2019-11-23 16:00,2,1,2019-11-24 16:00,0.0,99.8826265335083,2019-11-25 16:00,0.0,99.95315670967102
2087,2019-11-23 16:00,1,2,2019-11-24 16:00,0.0,99.90477561950684,2019-11-25 16:00,0.0,98.98703694343567
2088,2019-11-23 16:00,2,2,2019-11-24 16:00,0.0,99.92541670799255,2019-11-25 16:00,0.0,99.95697140693665
2089,2019-11-23 16:00,1,3,2019-11-24 16:00,0.0,99.92491006851196,2019-11-25 16:00,0.0,99.31002855300903
2090,2019-11-23 16:30,1,2,2019-11-24 16:30,0.0,99.68419075012207,2019-11-25 16:30,0.0,98.49544763565063
2091,2019-11-23 16:30,2,2,2019-11-24 16:30,0.0,99.90271329879761,2019-11-25 16:30,0.0,99.95635747909546
2092,2019-11-23 17:00,1,2,2019-11-24 17:00,0.0,99.65946674346924,2019-11-25 17:00,0.0,98.54041934013367
2093,2019-11-23 23:00,1,3,2019-11-24 23:00,0.0,99.40482974052429,2019-11-25 23:00,0.0,99.53647255897522
2094,2019-11-24 3:00,1,3,2019-11-25 3:00,0.0,99.88123774528503,2019-11-26 3:00,0.0,99.46067333221436
2095,2019-11-24 15:00,2,2,2019-11-25 15:00,0.0,99.8765766620636,2019-11-26 15:00,0.0,99.89033341407776
2096,2019-11-24 17:00,1,2,2019-11-25 17:00,0.0,97.23610281944275,2019-11-26 17:00,0.0,99.69610571861267
2097,2019-11-24 17:30,2,2,2019-11-25 17:30,0.0,99.90169405937195,2019-11-26 17:30,0.0,99.77368712425232
2098,2019-11-24 19:00,2,2,2019-11-25 19:00,0.0,99.93774890899658,2019-11-26 19:00,0.0,99.93979334831238
2099,2019-11-25 1:00,1,3,2019-11-26 1:00,0.0,99.91425275802612,2019-11-27 1:00,0.0,99.75947737693787
2100,2019-11-25 1:30,2,1,2019-11-26 1:30,0.0,99.8766303062439,2019-11-27 1:30,0.0,99.89314079284668
2101,2019-11-25 2:00,1,3,2019-11-26 2:00,0.0,99.83198642730713,2019-11-27 2:00,0.0,99.78716969490051
2102,2019-11-25 3:00,2,2,2019-11-26 3:00,0.0,99.89175796508789,2019-11-27 3:00,0.0,99.8591959476471
2103,2019-11-25 3:00,1,3,2019-11-26 3:00,0.0,99.56432580947876,2019-11-27 3:00,0.0,99.83684420585632
2104,2019-11-25 15:30,1,3,2019-11-26 15:30,0.0,99.72549080848694,2019-11-27 15:30,0.0,99.4962215423584
2105,2019-11-26 0:00,1,2,2019-11-27 0:00,0.0,99.20127391815186,2019-11-28 0:00,0.0,99.71733093261719
2106,2019-11-26 5:00,1,3,2019-11-27 5:00,0.0,99.80013370513916,2019-11-28 5:00,0.0,96.95087671279907
2107,2019-11-26 8:00,1,3,2019-11-27 8:00,0.0,99.51587915420532,2019-11-28 8:00,0.0,98.25435876846313
2108,2019-11-26 8:30,2,2,2019-11-27 8:30,0.0,99.18404221534729,2019-11-28 8:30,0.0,99.25162196159363
2109,2019-11-26 12:30,2,2,2019-11-27 12:30,0.0,99.76041316986084,2019-11-28 12:30,0.0,99.87339377403259
2110,2019-11-26 15:30,1,3,2019-11-27 15:30,0.0,99.41877126693726,2019-11-28 15:30,0.0,99.79265928268433
2111,2019-11-26 17:30,1,2,2019-11-27 17:30,0.0,99.8249888420105,2019-11-28 17:30,0.0,99.86178278923035
2112,2019-11-26 18:00,2,2,2019-11-27 18:00,0.0,99.93064999580383,2019-11-28 18:00,0.0,99.92340207099915
2113,2019-11-26 23:00,1,3,2019-11-27 23:00,0.0,97.53366708755493,2019-11-28 23:00,0.0,99.8071551322937
2114,2019-11-26 23:00,1,2,2019-11-27 23:00,0.0,99.71815347671509,2019-11-28 23:00,0.0,99.86872673034668
2115,2019-11-27 1:30,2,2,2019-11-28 1:30,0.0,99.81322884559631,2019-11-29 1:30,0.0,99.92503523826599
2116,2019-11-27 2:00,1,3,2019-11-28 2:00,0.0,99.35857057571411,2019-11-29 2:00,0.0,99.72785115242004
2117,2019-11-27 3:00,1,3,2019-11-28 3:00,0.0,99.65376853942871,2019-11-29 3:00,0.0,98.98853898048401
2118,2019-11-27 6:00,2,1,2019-11-28 6:00,0.0,76.18185877799988,2019-11-29 6:00,0.0,99.39947128295898
2119,2019-11-27 10:00,1,2,2019-11-28 10:00,0.0,99.7566819190979,2019-11-29 10:00,0.0,99.83649253845215
2120,2019-11-27 10:30,1,2,2019-11-28 10:30,0.0,99.82936382293701,2019-11-29 10:30,0.0,99.81905221939087
2121,2019-11-27 12:30,1,3,2019-11-28 12:30,0.0,99.77723360061646,2019-11-29 12:30,0.0,92.21101403236389
2122,2019-11-27 12:30,1,2,2019-11-28 12:30,0.0,99.82936382293701,2019-11-29 12:30,0.0,99.64515566825867
2123,2019-11-27 19:30,2,2,2019-11-28 19:30,0.0,99.9540388584137,2019-11-29 19:30,0.0,99.82994198799133
2124,2019-11-27 20:00,2,2,2019-11-28 20:00,0.0,99.93394613265991,2019-11-29 20:00,0.0,98.45701456069946
2125,2019-11-28 4:30,1,3,2019-11-29 4:30,0.0,99.79419112205505,2019-11-30 4:30,0.0,99.55282211303711
2126,2019-11-28 21:30,2,2,2019-11-29 21:30,0.0,99.56239461898804,2019-11-30 21:30,0.0,98.84841442108154
2127,2019-11-29 4:00,1,2,2019-11-30 4:00,0.0,99.89870190620422,2019-12-01 4:00,0.0,99.84162449836731
2128,2019-11-29 6:30,1,2,2019-11-30 6:30,0.0,99.890798330307,2019-12-01 6:30,0.0,99.90306496620178
2129,2019-11-29 11:00,2,2,2019-11-30 11:00,0.0,99.97901916503906,2019-12-01 11:00,0.0,99.60024356842041
2130,2019-11-29 13:00,1,2,2019-11-30 13:00,0.0,99.87062215805054,2019-12-01 13:00,0.0,99.92318749427795
2131,2019-11-29 17:30,1,3,2019-11-30 17:30,0.0,99.69460964202881,2019-12-01 17:30,0.0,99.83235597610474
2132,2019-11-29 18:30,1,2,2019-11-30 18:30,0.0,99.90594387054443,2019-12-01 18:30,0.0,99.03336763381958
2133,2019-11-29 19:00,1,2,2019-11-30 19:00,0.0,99.89773035049438,2019-12-01 19:00,0.0,99.73814487457275
2134,2019-11-30 0:00,1,2,2019-12-01 0:00,0.0,99.73806142807007,2019-12-02 0:00,0.0,99.84597563743591
2135,2019-11-30 6:00,1,2,2019-12-01 6:00,0.0,93.22928786277771,2019-12-02 6:00,0.0,97.5992500782013
2136,2019-11-30 7:00,2,3,2019-12-01 7:00,0.0,99.94531869888306,2019-12-02 7:00,0.0,99.95972514152527
2137,2019-11-30 8:00,1,3,2019-12-01 8:00,0.0,99.14844036102295,2019-12-02 8:00,0.0,99.23206567764282
2138,2019-11-30 14:30,2,2,2019-12-01 14:30,0.0,99.91638660430908,2019-12-02 14:30,0.0,99.1237461566925
2139,2019-11-30 18:30,1,3,2019-12-01 18:30,0.0,99.85365271568298,2019-12-02 18:30,0.0,99.75932836532593
2140,2019-11-30 21:00,2,3,2019-12-01 21:00,0.0,99.97079372406006,2019-12-02 21:00,0.0,99.95931386947632
2141,2019-12-01 0:00,2,3,2019-12-02 0:00,0.0,99.97292160987854,2019-12-03 0:00,0.0,99.96788501739502
2142,2019-12-01 2:30,2,3,2019-12-02 2:30,0.0,99.96144771575928,2019-12-03 2:30,0.0,99.96788501739502
2143,2019-12-01 9:30,1,3,2019-12-02 9:30,0.0,99.49784278869629,2019-12-03 9:30,0.0,98.81592392921448
2144,2019-12-01 15:30,2,3,2019-12-02 15:30,0.0,99.96371269226074,2019-12-03 15:30,0.0,99.85103011131287
2145,2019-12-02 0:00,2,2,2019-12-03 0:00,0.0,99.75770711898804,2019-12-04 0:00,0.0,99.58868622779846
2146,2019-12-02 6:00,2,3,2019-12-03 6:00,0.0,99.97645616531372,2019-12-04 6:00,0.0,99.97515082359314
2147,2019-12-02 8:00,1,2,2019-12-03 8:00,0.0,99.86163377761841,2019-12-04 8:00,0.0,99.6825098991394
2148,2019-12-02 9:00,2,3,2019-12-03 9:00,0.0,99.98242855072021,2019-12-04 9:00,0.0,99.98007416725159
2149,2019-12-02 10:30,1,2,2019-12-03 10:30,0.0,99.46040511131287,2019-12-04 10:30,0.0,99.92636442184448
2150,2019-12-02 21:30,2,3,2019-12-03 21:30,0.0,99.98105764389038,2019-12-04 21:30,0.0,99.96783137321472
2151,2019-12-03 2:00,2,2,2019-12-04 2:00,0.0,99.7704029083252,2019-12-05 2:00,0.0,99.21227097511292
2152,2019-12-03 2:30,2,3,2019-12-04 2:30,0.0,99.97422695159912,2019-12-05 2:30,0.0,99.98056292533875
2153,2019-12-03 3:30,2,2,2019-12-04 3:30,0.0,99.6664822101593,2019-12-05 3:30,0.0,99.62196946144104
2154,2019-12-03 12:30,1,3,2019-12-04 12:30,0.0,96.470707654953,2019-12-05 12:30,0.0,98.29374551773071
2155,2019-12-03 22:00,1,2,2019-12-04 22:00,0.0,99.69512820243835,2019-12-05 22:00,0.0,91.19216203689575
2156,2019-12-04 11:00,1,3,2019-12-05 11:00,0.0,99.33366775512695,2019-12-06 11:00,0.0,99.7780978679657
2157,2019-12-04 11:00,2,2,2019-12-05 11:00,0.0,99.92944598197937,2019-12-06 11:00,0.0,99.71821308135986
2158,2019-12-04 13:30,1,3,2019-12-05 13:30,0.0,99.10938143730164,2019-12-06 13:30,0.0,99.42430257797241
2159,2019-12-04 16:00,1,2,2019-12-05 16:00,0.0,98.4388530254364,2019-12-06 16:00,0.0,99.54726696014404
2160,2019-12-04 19:30,1,3,2019-12-05 19:30,0.0,99.67466592788696,2019-12-06 19:30,0.0,97.19367623329163
2161,2019-12-05 1:00,2,3,2019-12-06 1:00,0.0,99.98105764389038,2019-12-07 1:00,0.0,99.98198747634888
2162,2019-12-05 3:00,2,3,2019-12-06 3:00,0.0,99.98105764389038,2019-12-07 3:00,0.0,99.97687935829163
2163,2019-12-05 6:00,2,3,2019-12-06 6:00,0.0,99.98105764389038,2019-12-07 6:00,0.0,99.96305108070374
2164,2019-12-05 18:30,1,3,2019-12-06 18:30,0.0,98.32518100738525,2019-12-07 18:30,0.0,97.61931300163269
2165,2019-12-06 0:30,2,2,2019-12-07 0:30,0.0,99.63715076446533,2019-12-08 0:30,0.0,99.94441270828247
2166,2019-12-06 4:30,1,2,2019-12-07 4:30,0.0,98.0343759059906,2019-12-08 4:30,0.0,99.8306155204773
2167,2019-12-06 5:30,2,3,2019-12-07 5:30,0.0,99.9801516532898,2019-12-08 5:30,0.0,99.97895956039429
2168,2019-12-06 6:00,2,2,2019-12-07 6:00,0.0,98.66614937782288,2019-12-08 6:00,0.0,99.90348815917969
2169,2019-12-06 12:30,2,3,2019-12-07 12:30,0.0,99.97581243515015,2019-12-08 12:30,0.0,99.96711015701294
2170,2019-12-06 19:30,1,3,2019-12-07 19:30,1.0,56.969255208969116,2019-12-08 19:30,0.0,99.89142417907715
2171,2019-12-06 21:30,1,2,2019-12-07 21:30,0.0,84.91531014442444,2019-12-08 21:30,0.0,99.93500113487244
2172,2019-12-07 7:30,2,2,2019-12-08 7:30,0.0,97.24176526069641,2019-12-09 7:30,0.0,99.58742260932922
2173,2019-12-07 9:00,2,2,2019-12-08 9:00,0.0,99.70357418060303,2019-12-09 9:00,0.0,99.30490851402283
2174,2019-12-07 13:00,2,3,2019-12-08 13:00,0.0,99.97768998146057,2019-12-09 13:00,0.0,99.95880126953125
2175,2019-12-07 13:30,2,3,2019-12-08 13:30,0.0,99.96974468231201,2019-12-09 13:30,0.0,99.95005130767822
2176,2019-12-07 23:00,1,3,2019-12-08 23:00,0.0,98.47577810287476,2019-12-09 23:00,0.0,99.10922646522522
2177,2019-12-08 0:00,1,3,2019-12-09 0:00,0.0,98.075270652771,2019-12-10 0:00,0.0,99.4472324848175
2178,2019-12-08 4:00,1,2,2019-12-09 4:00,0.0,99.77176785469055,2019-12-10 4:00,0.0,99.24073219299316
2179,2019-12-08 4:30,2,3,2019-12-09 4:30,0.0,99.97422695159912,2019-12-10 4:30,0.0,99.9388337135315
2180,2019-12-08 4:30,1,3,2019-12-09 4:30,0.0,98.5704779624939,2019-12-10 4:30,0.0,99.1631031036377
2181,2019-12-08 7:00,1,2,2019-12-09 7:00,0.0,99.65930581092834,2019-12-10 7:00,0.0,99.25997257232666
2182,2019-12-08 7:00,2,2,2019-12-09 7:00,0.0,99.42976832389832,2019-12-10 7:00,0.0,99.92026686668396
2183,2019-12-08 7:00,1,3,2019-12-09 7:00,0.0,98.42855930328369,2019-12-10 7:00,0.0,99.62047934532166
2184,2019-12-08 8:00,1,2,2019-12-09 8:00,0.0,99.66729283332825,2019-12-10 8:00,0.0,99.24375414848328
2185,2019-12-08 8:00,2,2,2019-12-09 8:00,0.0,98.51158857345581,2019-12-10 8:00,0.0,99.69887733459473
2186,2019-12-08 8:00,1,3,2019-12-09 8:00,0.0,98.04406762123108,2019-12-10 8:00,0.0,99.40593242645264
2187,2019-12-08 8:30,1,2,2019-12-09 8:30,0.0,99.24765229225159,2019-12-10 8:30,0.0,99.37043190002441
2188,2019-12-08 9:30,1,2,2019-12-09 9:30,0.0,99.13430213928223,2019-12-10 9:30,0.0,98.62533211708069
2189,2019-12-08 9:30,2,2,2019-12-09 9:30,0.0,99.77161884307861,2019-12-10 9:30,0.0,96.59873247146606
2190,2019-12-08 9:30,1,3,2019-12-09 9:30,0.0,98.85233044624329,2019-12-10 9:30,0.0,97.36821055412292
2191,2019-12-08 10:00,1,2,2019-12-09 10:00,0.0,99.71538782119751,2019-12-10 10:00,0.0,98.92464876174927
2192,2019-12-08 10:30,1,3,2019-12-09 10:30,0.0,99.005788564682,2019-12-10 10:30,0.0,98.10377359390259
2193,2019-12-08 11:00,2,2,2019-12-09 11:00,0.0,99.60831999778748,2019-12-10 11:00,0.0,99.03895854949951
2194,2019-12-08 12:00,1,3,2019-12-09 12:00,0.0,99.67373609542847,2019-12-10 12:00,0.0,99.2861807346344
2195,2019-12-08 12:30,1,2,2019-12-09 12:30,0.0,99.83422756195068,2019-12-10 12:30,0.0,98.09510707855225
2196,2019-12-08 12:30,2,2,2019-12-09 12:30,0.0,99.2461621761322,2019-12-10 12:30,0.0,99.12274479866028
2197,2019-12-08 12:30,1,3,2019-12-09 12:30,0.0,99.6644377708435,2019-12-10 12:30,0.0,99.2861807346344
2198,2019-12-08 13:00,1,2,2019-12-09 13:00,0.0,99.79426264762878,2019-12-10 13:00,0.0,99.5565116405487
2199,2019-12-08 13:00,2,2,2019-12-09 13:00,0.0,99.7982382774353,2019-12-10 13:00,0.0,97.86111116409302
2200,2019-12-08 13:00,1,3,2019-12-09 13:00,0.0,99.65131878852844,2019-12-10 13:00,0.0,99.43954944610596
2201,2019-12-08 13:30,2,2,2019-12-09 13:30,0.0,99.39356446266174,2019-12-10 13:30,0.0,92.43935346603394
2202,2019-12-08 13:30,1,3,2019-12-09 13:30,0.0,99.62546229362488,2019-12-10 13:30,0.0,99.2861807346344
2203,2019-12-08 14:00,1,2,2019-12-09 14:00,0.0,99.79946613311768,2019-12-10 14:00,0.0,96.52541279792786
2204,2019-12-08 16:00,2,2,2019-12-09 16:00,0.0,99.69517588615417,2019-12-10 16:00,0.0,74.13438558578491
2205,2019-12-08 16:00,2,3,2019-12-09 16:00,0.0,99.94226694107056,2019-12-10 16:00,0.0,99.96241331100464
2206,2019-12-09 0:00,1,2,2019-12-10 0:00,0.0,99.83089566230774,2019-12-11 0:00,0.0,99.18270707130432
2207,2019-12-09 1:30,2,3,2019-12-10 1:30,0.0,99.97422695159912,2019-12-11 1:30,0.0,99.88174438476562
2208,2019-12-09 3:30,2,3,2019-12-10 3:30,0.0,99.92821216583252,2019-12-11 3:30,0.0,99.95805621147156
2209,2019-12-09 4:30,2,2,2019-12-10 4:30,0.0,99.73924160003662,2019-12-11 4:30,0.0,99.53047633171082
2210,2019-12-09 5:30,2,2,2019-12-10 5:30,0.0,99.69011545181274,2019-12-11 5:30,0.0,99.05889630317688
2211,2019-12-09 5:30,2,3,2019-12-10 5:30,0.0,99.92821216583252,2019-12-11 5:30,0.0,99.18960928916931
2212,2019-12-09 6:30,1,2,2019-12-10 6:30,0.0,99.8151957988739,2019-12-11 6:30,0.0,99.25588369369507
2213,2019-12-09 6:30,2,2,2019-12-10 6:30,0.0,99.69011545181274,2019-12-11 6:30,0.0,99.05889630317688
2214,2019-12-09 7:00,1,2,2019-12-10 7:00,0.0,99.70014691352844,2019-12-11 7:00,0.0,99.30500388145447
2215,2019-12-09 7:00,2,2,2019-12-10 7:00,0.0,99.73924160003662,2019-12-11 7:00,0.0,99.43277835845947
2216,2019-12-09 7:00,1,3,2019-12-10 7:00,0.0,99.20601844787598,2019-12-11 7:00,0.0,98.98070096969604
2217,2019-12-09 8:00,1,3,2019-12-10 8:00,0.0,99.14206266403198,2019-12-11 8:00,0.0,99.29684400558472
2218,2019-12-09 9:30,1,2,2019-12-10 9:30,0.0,99.74904656410217,2019-12-11 9:30,0.0,99.1945743560791
2219,2019-12-09 9:30,1,3,2019-12-10 9:30,0.0,99.1528332233429,2019-12-11 9:30,0.0,99.01275634765625
2220,2019-12-09 10:30,1,2,2019-12-10 10:30,0.0,99.58949089050293,2019-12-11 10:30,0.0,98.50807785987854
2221,2019-12-09 10:30,1,3,2019-12-10 10:30,0.0,99.27676320075989,2019-12-11 10:30,0.0,99.5714783668518
2222,2019-12-09 11:00,2,2,2019-12-10 11:00,0.0,99.66450929641724,2019-12-11 11:00,0.0,98.68388175964355
2223,2019-12-09 11:30,2,2,2019-12-10 11:30,0.0,99.37267303466797,2019-12-11 11:30,0.0,98.24447631835938
2224,2019-12-09 12:00,2,2,2019-12-10 12:00,0.0,99.74021911621094,2019-12-11 12:00,0.0,98.88485670089722
2225,2019-12-09 12:00,1,3,2019-12-10 12:00,0.0,99.53292608261108,2019-12-11 12:00,0.0,99.02328848838806
2226,2019-12-09 12:00,2,3,2019-12-10 12:00,0.0,99.94358420372009,2019-12-11 12:00,0.0,99.9169409275055
2227,2019-12-09 12:30,1,2,2019-12-10 12:30,0.0,99.74700212478638,2019-12-11 12:30,0.0,99.24987554550171
2228,2019-12-09 12:30,1,3,2019-12-10 12:30,0.0,99.24944043159485,2019-12-11 12:30,0.0,98.03912043571472
2229,2019-12-09 13:00,1,2,2019-12-10 13:00,0.0,99.53786134719849,2019-12-11 13:00,0.0,99.26390647888184
2230,2019-12-09 13:00,1,3,2019-12-10 13:00,0.0,99.49188828468323,2019-12-11 13:00,0.0,98.86077046394348
2231,2019-12-09 13:30,1,2,2019-12-10 13:30,0.0,99.59524869918823,2019-12-11 13:30,0.0,99.31718707084656
2232,2019-12-09 13:30,1,3,2019-12-10 13:30,0.0,99.57480430603027,2019-12-11 13:30,0.0,98.86077046394348
2233,2019-12-09 14:00,1,2,2019-12-10 14:00,0.0,99.27570223808289,2019-12-11 14:00,0.0,98.93879890441895
2234,2019-12-09 16:00,2,2,2019-12-10 16:00,0.0,99.19547438621521,2019-12-11 16:00,0.0,99.06187653541565
2235,2019-12-10 1:00,2,3,2019-12-11 1:00,0.0,98.53227734565735,2019-12-12 1:00,0.0,99.92467761039734
2236,2019-12-10 4:00,2,2,2019-12-11 4:00,0.0,98.86552691459656,2019-12-12 4:00,0.0,99.29417967796326
2237,2019-12-10 4:30,2,2,2019-12-11 4:30,0.0,96.39180302619934,2019-12-12 4:30,0.0,99.15946125984192
2238,2019-12-10 5:00,2,2,2019-12-11 5:00,0.0,98.77904653549194,2019-12-12 5:00,0.0,96.09886407852173
2239,2019-12-10 5:30,1,2,2019-12-11 5:30,0.0,99.85979795455933,2019-12-12 5:30,0.0,98.63577485084534
2240,2019-12-10 6:00,1,2,2019-12-11 6:00,0.0,99.85998272895813,2019-12-12 6:00,0.0,96.56723141670227
2241,2019-12-10 6:00,2,2,2019-12-11 6:00,0.0,99.04317259788513,2019-12-12 6:00,0.0,91.31735563278198
2242,2019-12-10 6:00,1,3,2019-12-11 6:00,0.0,99.406898021698,2019-12-12 6:00,0.0,93.74443292617798
2243,2019-12-10 6:30,1,2,2019-12-11 6:30,0.0,99.8626172542572,2019-12-12 6:30,0.0,97.12604284286499
2244,2019-12-10 6:30,1,3,2019-12-11 6:30,0.0,99.62358474731445,2019-12-12 6:30,0.0,95.2142596244812
2245,2019-12-10 7:00,2,2,2019-12-11 7:00,0.0,98.98870587348938,2019-12-12 7:00,0.0,97.91581630706787
2246,2019-12-10 7:00,1,3,2019-12-11 7:00,0.0,99.48385953903198,2019-12-12 7:00,0.0,90.3214693069458
2247,2019-12-10 7:30,1,2,2019-12-11 7:30,0.0,99.87933039665222,2019-12-12 7:30,0.0,96.76315784454346
2248,2019-12-10 7:30,1,3,2019-12-11 7:30,0.0,99.21892881393433,2019-12-12 7:30,0.0,95.47345638275146
2249,2019-12-10 8:00,1,2,2019-12-11 8:00,0.0,99.87933039665222,2019-12-12 8:00,0.0,96.77454233169556
2250,2019-12-10 8:00,2,2,2019-12-11 8:00,0.0,99.58686828613281,2019-12-12 8:00,0.0,99.13751482963562
2251,2019-12-10 8:00,1,3,2019-12-11 8:00,0.0,99.21892881393433,2019-12-12 8:00,0.0,95.47345638275146
2252,2019-12-10 8:30,2,2,2019-12-11 8:30,0.0,99.58686828613281,2019-12-12 8:30,0.0,98.93487691879272
2253,2019-12-10 8:30,1,3,2019-12-11 8:30,0.0,99.16540384292603,2019-12-12 8:30,0.0,95.47345638275146
2254,2019-12-10 9:00,1,2,2019-12-11 9:00,0.0,99.82436895370483,2019-12-12 9:00,0.0,96.77454233169556
2255,2019-12-10 9:00,1,3,2019-12-11 9:00,0.0,99.21892881393433,2019-12-12 9:00,0.0,95.47345638275146
2256,2019-12-10 9:30,1,2,2019-12-11 9:30,0.0,99.82436895370483,2019-12-12 9:30,0.0,97.06804752349854
2257,2019-12-10 9:30,2,2,2019-12-11 9:30,0.0,95.09913325309753,2019-12-12 9:30,0.0,92.39650964736938
2258,2019-12-10 9:30,1,3,2019-12-11 9:30,0.0,99.38633441925049,2019-12-12 9:30,0.0,95.47345638275146
2259,2019-12-10 10:00,1,2,2019-12-11 10:00,0.0,99.63759779930115,2019-12-12 10:00,0.0,95.8956778049469
2260,2019-12-10 11:30,2,2,2019-12-11 11:30,0.0,98.72374534606934,2019-12-12 11:30,0.0,97.79701232910156
2261,2019-12-10 16:00,1,2,2019-12-11 16:00,0.0,98.76468777656555,2019-12-12 16:00,0.0,96.55987024307251
2262,2019-12-11 2:30,2,3,2019-12-12 2:30,0.0,99.66602921485901,2019-12-13 2:30,0.0,99.81587529182434
2263,2019-12-11 3:00,2,2,2019-12-12 3:00,0.0,97.79009819030762,2019-12-13 3:00,0.0,93.24926137924194
2264,2019-12-11 7:30,2,3,2019-12-12 7:30,0.0,99.82836246490479,2019-12-13 7:30,0.0,99.7465968132019
2265,2019-12-11 10:30,1,3,2019-12-12 10:30,0.0,99.21225309371948,2019-12-13 10:30,0.0,99.70319867134094
2266,2019-12-11 12:00,1,3,2019-12-12 12:00,0.0,99.31171536445618,2019-12-13 12:00,0.0,99.55862760543823
2267,2019-12-11 16:30,2,2,2019-12-12 16:30,0.0,99.72171783447266,2019-12-13 16:30,0.0,99.61780309677124
2268,2019-12-11 18:00,1,2,2019-12-12 18:00,0.0,99.8487651348114,2019-12-13 18:00,0.0,95.73215246200562
2269,2019-12-12 7:30,2,2,2019-12-13 7:30,0.0,99.63468313217163,2019-12-14 7:30,0.0,99.54151511192322
2270,2019-12-12 8:00,2,2,2019-12-13 8:00,0.0,99.83547925949097,2019-12-14 8:00,0.0,99.76212978363037
2271,2019-12-12 10:30,2,3,2019-12-13 10:30,0.0,99.98053908348083,2019-12-14 10:30,0.0,99.98007416725159
2272,2019-12-12 10:30,1,2,2019-12-13 10:30,0.0,99.6364951133728,2019-12-14 10:30,0.0,99.59380030632019
2273,2019-12-12 13:00,1,3,2019-12-13 13:00,0.0,99.658864736557,2019-12-14 13:00,0.0,97.05425500869751
2274,2019-12-12 16:00,1,2,2019-12-13 16:00,0.0,99.7794508934021,2019-12-14 16:00,0.0,98.7252950668335
2275,2019-12-12 16:30,1,2,2019-12-13 16:30,0.0,99.78574514389038,2019-12-14 16:30,0.0,99.59878325462341
2276,2019-12-12 20:30,2,2,2019-12-13 20:30,0.0,99.69248175621033,2019-12-14 20:30,0.0,99.83723759651184
2277,2019-12-12 21:00,2,2,2019-12-13 21:00,0.0,99.79053735733032,2019-12-14 21:00,0.0,99.63287711143494
2278,2019-12-12 23:30,1,2,2019-12-13 23:30,0.0,98.98726344108582,2019-12-14 23:30,0.0,99.75450038909912
2279,2019-12-12 23:30,1,3,2019-12-13 23:30,0.0,97.88801670074463,2019-12-14 23:30,0.0,99.71872568130493
2280,2019-12-13 3:00,1,2,2019-12-14 3:00,0.0,99.53125715255737,2019-12-15 3:00,0.0,99.21053051948547
2281,2019-12-13 4:30,1,3,2019-12-14 4:30,0.0,97.66112565994263,2019-12-15 4:30,0.0,99.5893657207489
2282,2019-12-13 11:00,1,3,2019-12-14 11:00,0.0,99.20579791069031,2019-12-15 11:00,0.0,99.33921098709106
2283,2019-12-13 14:00,2,1,2019-12-14 14:00,0.0,99.93234276771545,2019-12-15 14:00,0.0,99.96206760406494
2284,2019-12-13 14:30,2,3,2019-12-14 14:30,0.0,99.98291730880737,2019-12-15 14:30,0.0,99.98031854629517
2285,2019-12-13 16:00,1,1,2019-12-14 16:00,0.0,99.74706172943115,2019-12-15 16:00,0.0,99.76215958595276
2286,2019-12-13 17:30,2,2,2019-12-14 17:30,0.0,99.97597336769104,2019-12-15 17:30,0.0,99.95183944702148
2287,2019-12-13 23:00,1,3,2019-12-14 23:00,0.0,96.57886624336243,2019-12-15 23:00,0.0,99.28839206695557
2288,2019-12-14 0:00,1,2,2019-12-15 0:00,0.0,98.33570122718811,2019-12-16 0:00,0.0,99.46255087852478
2289,2019-12-14 0:00,2,2,2019-12-15 0:00,0.0,97.35906720161438,2019-12-16 0:00,0.0,99.06637072563171
2290,2019-12-14 4:30,2,2,2019-12-15 4:30,0.0,97.22055196762085,2019-12-16 4:30,0.0,99.15705919265747
2291,2019-12-14 5:30,1,3,2019-12-15 5:30,0.0,94.95701193809509,2019-12-16 5:30,0.0,96.00407481193542
2292,2019-12-14 13:30,1,3,2019-12-15 13:30,0.0,99.48106408119202,2019-12-16 13:30,0.0,99.15311336517334
2293,2019-12-14 15:00,1,3,2019-12-15 15:00,0.0,98.86245131492615,2019-12-16 15:00,0.0,99.56226944923401
2294,2019-12-14 17:00,2,2,2019-12-15 17:00,0.0,99.68664646148682,2019-12-16 17:00,0.0,98.52992296218872
2295,2019-12-14 19:00,2,1,2019-12-15 19:00,0.0,98.51264953613281,2019-12-16 19:00,0.0,99.0218460559845
2296,2019-12-14 20:30,1,2,2019-12-15 20:30,0.0,96.65765166282654,2019-12-16 20:30,0.0,99.56636428833008
2297,2019-12-14 22:00,2,1,2019-12-15 22:00,0.0,99.633127450943,2019-12-16 22:00,0.0,99.11087155342102
2298,2019-12-15 4:00,2,1,2019-12-16 4:00,0.0,99.63740706443787,2019-12-17 4:00,0.0,99.77583885192871
2299,2019-12-15 5:30,1,1,2019-12-16 5:30,0.0,99.41683411598206,2019-12-17 5:30,0.0,99.45857524871826
2300,2019-12-15 7:30,2,1,2019-12-16 7:30,0.0,99.61210489273071,2019-12-17 7:30,0.0,99.49813485145569
2301,2019-12-15 9:00,2,1,2019-12-16 9:00,0.0,99.76767301559448,2019-12-17 9:00,0.0,99.55840110778809
2302,2019-12-15 9:30,2,1,2019-12-16 9:30,0.0,99.7906744480133,2019-12-17 9:30,0.0,99.48104619979858
2303,2019-12-15 9:30,1,2,2019-12-16 9:30,0.0,97.77167439460754,2019-12-17 9:30,0.0,99.69699382781982
2304,2019-12-15 9:30,2,2,2019-12-16 9:30,0.0,99.46749806404114,2019-12-17 9:30,0.0,99.53653216362
2305,2019-12-15 10:00,1,1,2019-12-16 10:00,0.0,98.25134873390198,2019-12-17 10:00,0.0,95.43101787567139
2306,2019-12-15 10:00,2,1,2019-12-16 10:00,0.0,99.73053932189941,2019-12-17 10:00,0.0,98.64898920059204
2307,2019-12-15 10:00,1,2,2019-12-16 10:00,0.0,97.8504478931427,2019-12-17 10:00,0.0,99.64811205863953
2308,2019-12-15 10:00,2,2,2019-12-16 10:00,0.0,99.45623874664307,2019-12-17 10:00,0.0,99.60104823112488
2309,2019-12-15 10:00,1,3,2019-12-16 10:00,0.0,99.32577610015869,2019-12-17 10:00,0.0,98.71358275413513
2310,2019-12-15 10:30,1,1,2019-12-16 10:30,1.0,70.2003002166748,2019-12-17 10:30,0.0,97.39626049995422
2311,2019-12-15 10:30,2,1,2019-12-16 10:30,0.0,99.70685839653015,2019-12-17 10:30,0.0,98.17672371864319
2312,2019-12-15 10:30,1,2,2019-12-16 10:30,0.0,97.1489667892456,2019-12-17 10:30,0.0,99.60888624191284
2313,2019-12-15 10:30,2,2,2019-12-16 10:30,0.0,99.49148297309875,2019-12-17 10:30,0.0,99.5627760887146
2314,2019-12-15 10:30,1,3,2019-12-16 10:30,0.0,98.35588932037354,2019-12-17 10:30,0.0,99.1352379322052
2315,2019-12-15 11:00,1,1,2019-12-16 11:00,0.0,93.26571226119995,2019-12-17 11:00,0.0,97.337406873703
2316,2019-12-15 11:00,2,1,2019-12-16 11:00,0.0,99.64017271995544,2019-12-17 11:00,0.0,98.63457679748535
2317,2019-12-15 11:00,2,2,2019-12-16 11:00,0.0,99.46565628051758,2019-12-17 11:00,0.0,98.8665223121643
2318,2019-12-15 11:00,1,3,2019-12-16 11:00,0.0,98.86743426322937,2019-12-17 11:00,0.0,99.50418472290039
2319,2019-12-15 11:30,1,1,2019-12-16 11:30,0.0,93.35175156593323,2019-12-17 11:30,0.0,97.2537100315094
2320,2019-12-15 11:30,1,2,2019-12-16 11:30,0.0,96.28584384918213,2019-12-17 11:30,0.0,99.66142773628235
2321,2019-12-15 11:30,2,2,2019-12-16 11:30,0.0,99.65289831161499,2019-12-17 11:30,0.0,98.53456616401672
2322,2019-12-15 11:30,1,3,2019-12-16 11:30,0.0,97.59127497673035,2019-12-17 11:30,0.0,99.15008544921875
2323,2019-12-15 12:00,1,1,2019-12-16 12:00,0.0,93.50249767303467,2019-12-17 12:00,0.0,97.85755276679993
2324,2019-12-15 12:00,2,1,2019-12-16 12:00,0.0,99.32102560997009,2019-12-17 12:00,0.0,98.68009090423584
2325,2019-12-15 12:00,1,2,2019-12-16 12:00,0.0,97.9790985584259,2019-12-17 12:00,0.0,99.61885213851929
2326,2019-12-15 12:00,2,2,2019-12-16 12:00,0.0,99.71321225166321,2019-12-17 12:00,0.0,97.50891327857971
2327,2019-12-15 12:00,1,3,2019-12-16 12:00,0.0,96.47666811943054,2019-12-17 12:00,0.0,99.00817275047302
2328,2019-12-15 12:30,1,1,2019-12-16 12:30,0.0,94.84977722167969,2019-12-17 12:30,0.0,99.08000230789185
2329,2019-12-15 12:30,2,1,2019-12-16 12:30,0.0,99.68876838684082,2019-12-17 12:30,0.0,97.42597341537476
2330,2019-12-15 12:30,2,2,2019-12-16 12:30,0.0,99.3293046951294,2019-12-17 12:30,0.0,98.5724925994873
2331,2019-12-15 12:30,1,3,2019-12-16 12:30,0.0,89.02677297592163,2019-12-17 12:30,0.0,99.1426408290863
2332,2019-12-15 13:00,2,1,2019-12-16 13:00,0.0,99.70166087150574,2019-12-17 13:00,0.0,97.06344604492188
2333,2019-12-15 13:00,1,2,2019-12-16 13:00,0.0,93.23676228523254,2019-12-17 13:00,0.0,99.30328726768494
2334,2019-12-15 13:00,2,2,2019-12-16 13:00,0.0,99.51263666152954,2019-12-17 13:00,0.0,98.5724925994873
2335,2019-12-15 13:00,1,3,2019-12-16 13:00,0.0,95.93744277954102,2019-12-17 13:00,0.0,99.26908016204834
2336,2019-12-15 13:30,1,2,2019-12-16 13:30,0.0,99.19624328613281,2019-12-17 13:30,0.0,99.35676455497742
2337,2019-12-15 13:30,2,3,2019-12-16 13:30,0.0,99.42593574523926,2019-12-17 13:30,0.0,99.95931386947632
2338,2019-12-15 14:00,1,2,2019-12-16 14:00,0.0,98.93343448638916,2019-12-17 14:00,0.0,99.34207797050476
2339,2019-12-15 20:00,1,2,2019-12-16 20:00,0.0,97.42251634597778,2019-12-17 20:00,0.0,98.17240834236145
2340,2019-12-15 21:00,1,1,2019-12-16 21:00,0.0,99.43739175796509,2019-12-17 21:00,0.0,99.30598735809326
2341,2019-12-15 23:30,2,1,2019-12-16 23:30,0.0,98.70378971099854,2019-12-17 23:30,0.0,98.78727793693542
2342,2019-12-15 23:30,1,1,2019-12-16 23:30,0.0,99.49350953102112,2019-12-17 23:30,0.0,99.34570789337158
2343,2019-12-16 4:30,1,1,2019-12-17 4:30,0.0,98.98879528045654,2019-12-18 4:30,0.0,98.28593730926514
2344,2019-12-16 9:00,2,1,2019-12-17 9:00,0.0,99.05092716217041,2019-12-18 9:00,0.0,99.56114888191223
2345,2019-12-16 9:30,2,1,2019-12-17 9:30,0.0,97.0052421092987,2019-12-18 9:30,0.0,99.7234582901001
2346,2019-12-16 9:30,1,2,2019-12-17 9:30,0.0,92.17342138290405,2019-12-18 9:30,0.0,96.5870201587677
2347,2019-12-16 9:30,2,2,2019-12-17 9:30,0.0,98.60710501670837,2019-12-18 9:30,0.0,99.63285326957703
2348,2019-12-16 10:00,1,1,2019-12-17 10:00,0.0,99.3308961391449,2019-12-18 10:00,0.0,99.56228137016296
2349,2019-12-16 10:00,2,1,2019-12-17 10:00,0.0,97.48997688293457,2019-12-18 10:00,0.0,99.70080852508545
2350,2019-12-16 10:00,1,2,2019-12-17 10:00,0.0,95.49739360809326,2019-12-18 10:00,0.0,96.55048847198486
2351,2019-12-16 10:00,2,2,2019-12-17 10:00,0.0,99.17264580726624,2019-12-18 10:00,0.0,99.4821548461914
2352,2019-12-16 10:00,1,3,2019-12-17 10:00,0.0,90.53066968917847,2019-12-18 10:00,0.0,98.48864078521729
2353,2019-12-16 10:30,1,1,2019-12-17 10:30,0.0,98.50858449935913,2019-12-18 10:30,0.0,99.3485152721405
2354,2019-12-16 10:30,2,1,2019-12-17 10:30,0.0,98.34132194519043,2019-12-18 10:30,0.0,99.42980408668518
2355,2019-12-16 10:30,1,2,2019-12-17 10:30,0.0,95.370614528656,2019-12-18 10:30,0.0,96.75502181053162
2356,2019-12-16 10:30,2,2,2019-12-17 10:30,0.0,99.2996096611023,2019-12-18 10:30,0.0,99.4992196559906
2357,2019-12-16 10:30,1,3,2019-12-17 10:30,0.0,95.54853439331055,2019-12-18 10:30,0.0,98.84055852890015
2358,2019-12-16 11:00,1,1,2019-12-17 11:00,0.0,99.81369972229004,2019-12-18 11:00,0.0,99.45257902145386
2359,2019-12-16 11:00,2,1,2019-12-17 11:00,0.0,98.4036386013031,2019-12-18 11:00,0.0,99.61082935333252
2360,2019-12-16 11:00,2,2,2019-12-17 11:00,0.0,98.20870161056519,2019-12-18 11:00,0.0,99.28454160690308
2361,2019-12-16 11:00,1,3,2019-12-17 11:00,0.0,99.62029457092285,2019-12-18 11:00,0.0,98.8865852355957
2362,2019-12-16 11:30,1,1,2019-12-17 11:30,0.0,99.83301758766174,2019-12-18 11:30,0.0,99.41563606262207
2363,2019-12-16 11:30,1,2,2019-12-17 11:30,0.0,99.05222654342651,2019-12-18 11:30,0.0,99.11008477210999
2364,2019-12-16 11:30,2,2,2019-12-17 11:30,0.0,99.32050704956055,2019-12-18 11:30,0.0,99.48546886444092
2365,2019-12-16 11:30,1,3,2019-12-17 11:30,0.0,97.00280427932739,2019-12-18 11:30,0.0,98.90875220298767
2366,2019-12-16 12:00,1,1,2019-12-17 12:00,0.0,99.8410165309906,2019-12-18 12:00,0.0,99.58931803703308
2367,2019-12-16 12:00,2,1,2019-12-17 12:00,0.0,99.17710423469543,2019-12-18 12:00,0.0,99.27985668182373
2368,2019-12-16 12:00,1,2,2019-12-17 12:00,0.0,99.54445362091064,2019-12-18 12:00,0.0,99.38230514526367
2369,2019-12-16 12:00,2,2,2019-12-17 12:00,0.0,99.61465001106262,2019-12-18 12:00,0.0,99.63513016700745
2370,2019-12-16 12:00,1,3,2019-12-17 12:00,0.0,99.79485869407654,2019-12-18 12:00,0.0,99.09645915031433
2371,2019-12-16 12:30,1,1,2019-12-17 12:30,0.0,99.8410165309906,2019-12-18 12:30,0.0,99.76882934570312
2372,2019-12-16 12:30,2,1,2019-12-17 12:30,0.0,99.60564374923706,2019-12-18 12:30,0.0,98.85275959968567
2373,2019-12-16 12:30,2,2,2019-12-17 12:30,0.0,99.57773089408875,2019-12-18 12:30,0.0,99.7387707233429
2374,2019-12-16 12:30,1,3,2019-12-17 12:30,0.0,99.80250597000122,2019-12-18 12:30,0.0,99.09645915031433
2375,2019-12-16 13:00,2,1,2019-12-17 13:00,0.0,99.64178800582886,2019-12-18 13:00,0.0,99.3864357471466
2376,2019-12-16 13:00,1,2,2019-12-17 13:00,0.0,99.3914544582367,2019-12-18 13:00,0.0,99.6203362941742
2377,2019-12-16 13:00,2,2,2019-12-17 13:00,0.0,99.6472716331482,2019-12-18 13:00,0.0,99.7387707233429
2378,2019-12-16 13:00,1,3,2019-12-17 13:00,0.0,99.86994862556458,2019-12-18 13:00,0.0,98.83237481117249
2379,2019-12-16 13:30,1,2,2019-12-17 13:30,0.0,99.55782294273376,2019-12-18 13:30,0.0,99.63392615318298
2380,2019-12-16 13:30,1,1,2019-12-17 13:30,0.0,99.83901977539062,2019-12-18 13:30,0.0,99.77989196777344
2381,2019-12-16 14:00,1,2,2019-12-17 14:00,0.0,99.4588851928711,2019-12-18 14:00,0.0,99.54555034637451
2382,2019-12-16 14:30,1,2,2019-12-17 14:30,0.0,99.46920275688171,2019-12-18 14:30,0.0,99.59524869918823
2383,2019-12-16 15:30,2,1,2019-12-17 15:30,0.0,99.644535779953,2019-12-18 15:30,0.0,99.65241551399231
2384,2019-12-16 16:30,1,1,2019-12-17 16:30,0.0,99.86466765403748,2019-12-18 16:30,0.0,99.9620258808136
2385,2019-12-16 23:30,1,1,2019-12-17 23:30,0.0,99.46311116218567,2019-12-18 23:30,0.0,99.96446371078491
2386,2019-12-17 2:00,2,1,2019-12-18 2:00,0.0,99.40760135650635,2019-12-19 2:00,0.0,99.53782558441162
2387,2019-12-17 9:30,2,2,2019-12-18 9:30,0.0,99.16353821754456,2019-12-19 9:30,0.0,98.87482523918152
2388,2019-12-17 10:00,1,2,2019-12-18 10:00,0.0,99.69440698623657,2019-12-19 10:00,0.0,99.51351284980774
2389,2019-12-17 14:00,1,3,2019-12-18 14:00,0.0,98.72469902038574,2019-12-19 14:00,0.0,99.40744638442993
2390,2019-12-17 14:30,1,1,2019-12-18 14:30,0.0,99.93297457695007,2019-12-19 14:30,0.0,99.91645216941833
2391,2019-12-17 23:00,2,3,2019-12-18 23:00,0.0,99.93977546691895,2019-12-19 23:00,0.0,99.97602105140686
2392,2019-12-17 23:30,1,2,2019-12-18 23:30,0.0,99.81655478477478,2019-12-19 23:30,0.0,99.55098032951355
2393,2019-12-18 2:30,1,3,2019-12-19 2:30,0.0,99.60470199584961,2019-12-20 2:30,0.0,99.6443510055542
2394,2019-12-18 3:00,1,2,2019-12-19 3:00,0.0,99.86265301704407,2019-12-20 3:00,0.0,99.64868426322937
2395,2019-12-18 4:00,2,2,2019-12-19 4:00,0.0,99.46803450584412,2019-12-20 4:00,0.0,99.53393936157227
2396,2019-12-18 5:30,2,1,2019-12-19 5:30,0.0,98.9402174949646,2019-12-20 5:30,0.0,99.23434853553772
2397,2019-12-18 6:30,1,2,2019-12-19 6:30,0.0,99.85519647598267,2019-12-20 6:30,0.0,99.04119372367859
2398,2019-12-18 8:30,2,2,2019-12-19 8:30,0.0,99.8262345790863,2019-12-20 8:30,0.0,99.52396154403687
2399,2019-12-18 12:00,1,1,2019-12-19 12:00,0.0,99.84211325645447,2019-12-20 12:00,0.0,99.89463090896606
2400,2019-12-18 14:30,2,2,2019-12-19 14:30,0.0,99.8161792755127,2019-12-20 14:30,0.0,99.29226040840149
2401,2019-12-18 17:30,1,1,2019-12-19 17:30,0.0,99.85878467559814,2019-12-20 17:30,0.0,99.84344840049744
2402,2019-12-18 17:30,1,2,2019-12-19 17:30,0.0,99.84525442123413,2019-12-20 17:30,0.0,99.71529841423035
2403,2019-12-18 20:00,1,1,2019-12-19 20:00,0.0,99.85232353210449,2019-12-20 20:00,0.0,99.84216094017029
2404,2019-12-18 21:30,2,1,2019-12-19 21:30,0.0,94.18672919273376,2019-12-20 21:30,0.0,98.65809082984924
2405,2019-12-18 22:30,1,3,2019-12-19 22:30,0.0,99.68381524085999,2019-12-20 22:30,0.0,99.6870756149292
2406,2019-12-18 23:30,1,3,2019-12-19 23:30,0.0,99.429190158844,2019-12-20 23:30,0.0,99.70670342445374
2407,2019-12-19 5:00,2,1,2019-12-20 5:00,0.0,99.8991847038269,2019-12-21 5:00,0.0,99.87704753875732
2408,2019-12-19 5:30,1,1,2019-12-20 5:30,0.0,99.69644546508789,2019-12-21 5:30,0.0,99.87391829490662
2409,2019-12-19 7:00,2,2,2019-12-20 7:00,0.0,99.81210827827454,2019-12-21 7:00,0.0,99.78550672531128
2410,2019-12-19 11:00,1,1,2019-12-20 11:00,0.0,99.72208142280579,2019-12-21 11:00,0.0,99.78820085525513
2411,2019-12-19 14:00,1,2,2019-12-20 14:00,0.0,99.68146681785583,2019-12-21 14:00,0.0,99.89234209060669
2412,2019-12-19 16:30,2,1,2019-12-20 16:30,0.0,99.88211989402771,2019-12-21 16:30,0.0,99.91613030433655
2413,2019-12-19 17:00,1,2,2019-12-20 17:00,0.0,99.73403811454773,2019-12-21 17:00,0.0,99.91300106048584
2414,2019-12-19 23:00,1,1,2019-12-20 23:00,0.0,99.69826936721802,2019-12-21 23:00,0.0,99.89895224571228
2415,2019-12-19 23:30,2,3,2019-12-20 23:30,0.0,99.98105764389038,2019-12-21 23:30,0.0,99.95234608650208
2416,2019-12-20 8:30,1,1,2019-12-21 8:30,0.0,99.82651472091675,2019-12-22 8:30,0.0,96.32723331451416
2417,2019-12-20 11:00,2,2,2019-12-21 11:00,0.0,99.81639981269836,2019-12-22 11:00,0.0,99.69667196273804
2418,2019-12-20 17:30,1,1,2019-12-21 17:30,0.0,99.56390261650085,2019-12-22 17:30,0.0,99.8983085155487
2419,2019-12-20 21:00,1,1,2019-12-21 21:00,0.0,98.18153977394104,2019-12-22 21:00,0.0,99.83614087104797
2420,2019-12-20 23:00,1,1,2019-12-21 23:00,0.0,98.28724265098572,2019-12-22 23:00,0.0,99.8720109462738
2421,2019-12-20 23:30,2,3,2019-12-21 23:30,0.0,99.97328519821167,2019-12-22 23:30,0.0,99.81880784034729
2422,2019-12-21 5:30,2,2,2019-12-22 5:30,0.0,99.2235779762268,2019-12-23 5:30,0.0,99.66879487037659
2423,2019-12-21 7:30,1,3,2019-12-22 7:30,0.0,94.95263695716858,2019-12-23 7:30,0.0,99.50027465820312
2424,2019-12-21 8:30,2,2,2019-12-22 8:30,0.0,99.13361668586731,2019-12-23 8:30,0.0,99.79679584503174
2425,2019-12-21 11:00,2,1,2019-12-22 11:00,0.0,99.67831373214722,2019-12-23 11:00,0.0,99.35160279273987
2426,2019-12-21 13:30,1,1,2019-12-22 13:30,0.0,99.83817934989929,2019-12-23 13:30,0.0,99.52219128608704
2427,2019-12-21 15:30,2,2,2019-12-22 15:30,0.0,99.72549080848694,2019-12-23 15:30,0.0,99.12130832672119
2428,2019-12-21 16:00,2,2,2019-12-22 16:00,0.0,99.72549080848694,2019-12-23 16:00,0.0,99.63886737823486
2429,2019-12-21 18:30,1,2,2019-12-22 18:30,0.0,99.64405298233032,2019-12-23 18:30,0.0,99.69649910926819
2430,2019-12-21 19:00,1,3,2019-12-22 19:00,0.0,99.5194137096405,2019-12-23 19:00,0.0,99.45568442344666
2431,2019-12-21 21:00,1,2,2019-12-22 21:00,0.0,99.55552220344543,2019-12-23 21:00,0.0,99.7046172618866
2432,2019-12-22 1:30,1,2,2019-12-23 1:30,0.0,99.55748319625854,2019-12-24 1:30,0.0,99.72257018089294
2433,2019-12-22 2:30,1,2,2019-12-23 2:30,0.0,99.55159425735474,2019-12-24 2:30,0.0,99.72512722015381
2434,2019-12-22 3:00,2,1,2019-12-23 3:00,0.0,99.88719820976257,2019-12-24 3:00,0.0,99.18406009674072
2435,2019-12-22 12:30,1,2,2019-12-23 12:30,0.0,99.59061741828918,2019-12-24 12:30,0.0,99.59856271743774
2436,2019-12-22 14:30,2,3,2019-12-23 14:30,0.0,99.94897842407227,2019-12-24 14:30,0.0,99.9725341796875
2437,2019-12-22 15:00,2,3,2019-12-23 15:00,0.0,99.85283017158508,2019-12-24 15:00,0.0,99.97279644012451
2438,2019-12-22 16:30,1,3,2019-12-23 16:30,0.0,99.69224333763123,2019-12-24 16:30,0.0,98.61986637115479
2439,2019-12-22 19:00,1,1,2019-12-23 19:00,0.0,96.26251459121704,2019-12-24 19:00,0.0,98.96371960639954
2440,2019-12-22 19:30,2,1,2019-12-23 19:30,0.0,99.72480535507202,2019-12-24 19:30,0.0,99.48956966400146
2441,2019-12-22 21:00,1,3,2019-12-23 21:00,0.0,99.55930709838867,2019-12-24 21:00,0.0,98.75875115394592
2442,2019-12-22 22:30,2,2,2019-12-23 22:30,0.0,99.59115386009216,2019-12-24 22:30,0.0,99.27156567573547
2443,2019-12-23 2:30,2,2,2019-12-24 2:30,0.0,99.76814389228821,2019-12-25 2:30,0.0,99.69239830970764
2444,2019-12-23 3:00,1,2,2019-12-24 3:00,0.0,99.71869587898254,2019-12-25 3:00,0.0,98.72034788131714
2445,2019-12-23 3:30,2,2,2019-12-24 3:30,0.0,99.77375864982605,2019-12-25 3:30,0.0,99.6269166469574
2446,2019-12-23 5:30,2,2,2019-12-24 5:30,0.0,97.60673642158508,2019-12-25 5:30,0.0,99.06613826751709
2447,2019-12-23 5:30,2,3,2019-12-24 5:30,0.0,99.94800686836243,2019-12-25 5:30,0.0,99.97743368148804
2448,2019-12-23 7:00,2,2,2019-12-24 7:00,0.0,96.64487838745117,2019-12-25 7:00,0.0,99.53996539115906
2449,2019-12-23 10:00,2,1,2019-12-24 10:00,0.0,99.12631511688232,2019-12-25 10:00,0.0,99.77827072143555
2450,2019-12-23 17:00,2,2,2019-12-24 17:00,0.0,96.02030515670776,2019-12-25 17:00,0.0,99.17449951171875
2451,2019-12-23 18:30,2,1,2019-12-24 18:30,0.0,99.23060536384583,2019-12-25 18:30,0.0,99.59595799446106
2452,2019-12-23 19:00,2,3,2019-12-24 19:00,0.0,99.97066855430603,2019-12-25 19:00,0.0,99.98116493225098
2453,2019-12-23 22:00,2,3,2019-12-24 22:00,0.0,99.97549057006836,2019-12-25 22:00,0.0,99.98116493225098
2454,2019-12-23 22:30,1,1,2019-12-24 22:30,0.0,99.33274388313293,2019-12-25 22:30,0.0,99.48816299438477
2455,2019-12-24 2:00,2,3,2019-12-25 2:00,0.0,99.96986389160156,2019-12-26 2:00,0.0,99.9614953994751
2456,2019-12-24 2:00,2,2,2019-12-25 2:00,0.0,99.2728054523468,2019-12-26 2:00,0.0,99.62117671966553
2457,2019-12-24 3:00,2,2,2019-12-25 3:00,0.0,99.18700456619263,2019-12-26 3:00,0.0,99.60416555404663
2458,2019-12-24 8:00,1,1,2019-12-25 8:00,0.0,99.80344772338867,2019-12-26 8:00,0.0,98.93949627876282
2459,2019-12-24 8:00,2,2,2019-12-25 8:00,0.0,98.87169599533081,2019-12-26 8:00,0.0,99.9017596244812
2460,2019-12-24 11:30,1,1,2019-12-25 11:30,0.0,98.30623865127563,2019-12-26 11:30,0.0,99.33724403381348
2461,2019-12-24 17:00,1,3,2019-12-25 17:00,0.0,97.64347076416016,2019-12-26 17:00,0.0,99.33134913444519
2462,2019-12-24 22:30,2,3,2019-12-25 22:30,0.0,99.97422695159912,2019-12-26 22:30,0.0,99.97252225875854
2463,2019-12-24 22:30,2,2,2019-12-25 22:30,0.0,98.21934700012207,2019-12-26 22:30,0.0,99.9017596244812
2464,2019-12-25 2:30,1,1,2019-12-26 2:30,0.0,99.57955479621887,2019-12-27 2:30,0.0,99.81838464736938
2465,2019-12-25 9:00,2,2,2019-12-26 9:00,0.0,99.56220388412476,2019-12-27 9:00,0.0,99.72164630889893
2466,2019-12-25 10:30,1,2,2019-12-26 10:30,0.0,99.62530136108398,2019-12-27 10:30,0.0,99.73028302192688
2467,2019-12-25 11:00,1,2,2019-12-26 11:00,0.0,98.59678745269775,2019-12-27 11:00,0.0,99.29421544075012
2468,2019-12-25 11:30,1,2,2019-12-26 11:30,0.0,99.08210635185242,2019-12-27 11:30,0.0,99.47659373283386
2469,2019-12-25 12:00,2,1,2019-12-26 12:00,0.0,99.65572357177734,2019-12-27 12:00,0.0,93.23383569717407
2470,2019-12-25 12:30,1,3,2019-12-26 12:30,0.0,98.8499641418457,2019-12-27 12:30,0.0,99.48315620422363
2471,2019-12-25 13:30,1,2,2019-12-26 13:30,0.0,97.84684181213379,2019-12-27 13:30,0.0,99.60489273071289
2472,2019-12-25 14:30,1,3,2019-12-26 14:30,0.0,97.18700647354126,2019-12-27 14:30,0.0,99.2624282836914
2473,2019-12-25 16:00,2,2,2019-12-26 16:00,0.0,99.7221052646637,2019-12-27 16:00,0.0,99.58205223083496
2474,2019-12-25 17:00,1,3,2019-12-26 17:00,0.0,98.99764657020569,2019-12-27 17:00,0.0,98.90425205230713
2475,2019-12-25 20:30,2,3,2019-12-26 20:30,0.0,99.97754693031311,2019-12-27 20:30,0.0,99.9614953994751
2476,2019-12-25 21:30,2,3,2019-12-26 21:30,0.0,99.97681975364685,2019-12-27 21:30,0.0,99.9614953994751
2477,2019-12-26 1:00,1,2,2019-12-27 1:00,0.0,98.86195063591003,2019-12-28 1:00,0.0,99.47910904884338
2478,2019-12-26 1:30,2,2,2019-12-27 1:30,0.0,99.67092275619507,2019-12-28 1:30,0.0,99.3406593799591
2479,2019-12-26 1:30,1,1,2019-12-27 1:30,0.0,98.67509603500366,2019-12-28 1:30,0.0,98.85034561157227
2480,2019-12-26 4:00,1,1,2019-12-27 4:00,0.0,97.30652570724487,2019-12-28 4:00,0.0,99.20530915260315
2481,2019-12-26 5:00,2,2,2019-12-27 5:00,0.0,99.72549080848694,2019-12-28 5:00,0.0,99.54884648323059
2482,2019-12-26 6:30,2,2,2019-12-27 6:30,0.0,99.67694878578186,2019-12-28 6:30,0.0,99.79955554008484
2483,2019-12-26 8:00,2,1,2019-12-27 8:00,0.0,98.66982698440552,2019-12-28 8:00,0.0,98.61983060836792
2484,2019-12-26 11:00,2,3,2019-12-27 11:00,0.0,99.96594190597534,2019-12-28 11:00,0.0,99.97946619987488
2485,2019-12-26 12:30,2,3,2019-12-27 12:30,0.0,99.92741346359253,2019-12-28 12:30,0.0,99.97785091400146
2486,2019-12-26 13:30,1,1,2019-12-27 13:30,0.0,90.34430384635925,2019-12-28 13:30,0.0,99.2075502872467
2487,2019-12-26 14:00,1,2,2019-12-27 14:00,0.0,98.09056520462036,2019-12-28 14:00,0.0,99.55187439918518
2488,2019-12-26 14:30,1,3,2019-12-27 14:30,0.0,99.24546480178833,2019-12-28 14:30,0.0,99.20535087585449
2489,2019-12-26 17:00,1,3,2019-12-27 17:00,0.0,99.23915266990662,2019-12-28 17:00,0.0,99.37487840652466
2490,2019-12-26 18:30,2,3,2019-12-27 18:30,0.0,99.98059272766113,2019-12-28 18:30,0.0,99.98116493225098
2491,2019-12-26 20:00,1,2,2019-12-27 20:00,0.0,98.80393743515015,2019-12-28 20:00,0.0,99.51061606407166
2492,2019-12-27 0:30,2,1,2019-12-28 0:30,0.0,98.7939715385437,2019-12-29 0:30,0.0,99.3931531906128
2493,2019-12-27 1:00,2,1,2019-12-28 1:00,0.0,99.23961758613586,2019-12-29 1:00,0.0,98.81024956703186
2494,2019-12-27 6:00,1,3,2019-12-28 6:00,0.0,98.79887104034424,2019-12-29 6:00,0.0,99.23313856124878
2495,2019-12-27 8:00,1,3,2019-12-28 8:00,0.0,98.8071858882904,2019-12-29 8:00,0.0,99.5295763015747
2496,2019-12-27 11:00,2,3,2019-12-28 11:00,0.0,99.66843724250793,2019-12-29 11:00,0.0,99.96327757835388
2497,2019-12-27 15:30,1,1,2019-12-28 15:30,0.0,98.9286720752716,2019-12-29 15:30,0.0,99.8689353466034
2498,2019-12-27 21:00,2,2,2019-12-28 21:00,0.0,99.69972968101501,2019-12-29 21:00,0.0,99.8479962348938
2499,2019-12-28 1:30,1,2,2019-12-29 1:30,0.0,99.47215914726257,2019-12-30 1:30,0.0,99.60894584655762
2500,2019-12-28 11:30,1,2,2019-12-29 11:30,0.0,99.51306581497192,2019-12-30 11:30,0.0,99.65248107910156
2501,2019-12-28 12:00,1,2,2019-12-29 12:00,0.0,99.49061870574951,2019-12-30 12:00,0.0,99.59554672241211
2502,2019-12-28 12:00,2,2,2019-12-29 12:00,0.0,99.43817257881165,2019-12-30 12:00,0.0,99.41587448120117
2503,2019-12-28 12:30,2,1,2019-12-29 12:30,0.0,98.65753054618835,2019-12-30 12:30,0.0,98.55352640151978
2504,2019-12-28 12:30,1,2,2019-12-29 12:30,0.0,97.15920686721802,2019-12-30 12:30,0.0,98.46529960632324
2505,2019-12-28 12:30,2,2,2019-12-29 12:30,0.0,99.77633357048035,2019-12-30 12:30,0.0,99.43913221359253
2506,2019-12-28 12:30,1,3,2019-12-29 12:30,0.0,98.58174920082092,2019-12-30 12:30,0.0,98.95718693733215
2507,2019-12-28 13:00,2,1,2019-12-29 13:00,0.0,98.14344048500061,2019-12-30 13:00,0.0,97.23405838012695
2508,2019-12-28 13:00,1,2,2019-12-29 13:00,0.0,97.67929315567017,2019-12-30 13:00,0.0,98.2203483581543
2509,2019-12-28 13:00,2,2,2019-12-29 13:00,0.0,99.76896047592163,2019-12-30 13:00,0.0,99.76609349250793
2510,2019-12-28 13:00,1,3,2019-12-29 13:00,0.0,98.54932427406311,2019-12-30 13:00,0.0,98.45815896987915
2511,2019-12-28 13:30,2,1,2019-12-29 13:30,0.0,99.39517974853516,2019-12-30 13:30,0.0,95.90352773666382
2512,2019-12-28 13:30,1,2,2019-12-29 13:30,0.0,98.04431200027466,2019-12-30 13:30,0.0,98.19299578666687
2513,2019-12-28 13:30,2,2,2019-12-29 13:30,0.0,99.75370764732361,2019-12-30 13:30,0.0,98.62615466117859
2514,2019-12-28 13:30,1,3,2019-12-29 13:30,0.0,98.49863052368164,2019-12-30 13:30,0.0,98.88277053833008
2515,2019-12-28 14:00,2,1,2019-12-29 14:00,0.0,98.74786734580994,2019-12-30 14:00,0.0,95.92897891998291
2516,2019-12-28 14:00,1,2,2019-12-29 14:00,0.0,97.8581190109253,2019-12-30 14:00,0.0,99.17577505111694
2517,2019-12-28 14:00,2,2,2019-12-29 14:00,0.0,99.68418478965759,2019-12-30 14:00,0.0,98.23743104934692
2518,2019-12-28 14:00,1,3,2019-12-29 14:00,0.0,98.89841675758362,2019-12-30 14:00,0.0,99.31131601333618
2519,2019-12-28 14:30,2,1,2019-12-29 14:30,0.0,99.40887093544006,2019-12-30 14:30,0.0,99.1849958896637
2520,2019-12-28 14:30,1,2,2019-12-29 14:30,0.0,97.45924472808838,2019-12-30 14:30,0.0,99.1866946220398
2521,2019-12-28 14:30,2,2,2019-12-29 14:30,0.0,99.66415166854858,2019-12-30 14:30,0.0,99.53233599662781
2522,2019-12-28 14:30,1,3,2019-12-29 14:30,0.0,99.32270050048828,2019-12-30 14:30,0.0,99.49073791503906
2523,2019-12-28 15:00,1,2,2019-12-29 15:00,0.0,97.45924472808838,2019-12-30 15:00,0.0,99.45409297943115
2524,2019-12-28 15:30,2,2,2019-12-29 15:30,0.0,99.72208738327026,2019-12-30 15:30,0.0,99.20960664749146
2525,2019-12-28 15:30,2,3,2019-12-29 15:30,0.0,99.84509944915771,2019-12-30 15:30,0.0,99.98144507408142
2526,2019-12-28 16:00,2,2,2019-12-29 16:00,0.0,99.76515769958496,2019-12-30 16:00,0.0,92.44353771209717
2527,2019-12-28 16:00,2,3,2019-12-29 16:00,0.0,99.96076226234436,2019-12-30 16:00,0.0,99.97348189353943
2528,2019-12-28 17:30,1,1,2019-12-29 17:30,0.0,99.26192164421082,2019-12-30 17:30,0.0,99.56178665161133
2529,2019-12-28 18:00,2,1,2019-12-29 18:00,0.0,99.79642033576965,2019-12-30 18:00,0.0,95.41504979133606
2530,2019-12-28 18:30,1,3,2019-12-29 18:30,0.0,98.7208366394043,2019-12-30 18:30,0.0,99.27704930305481
2531,2019-12-28 23:00,1,3,2019-12-29 23:00,0.0,99.13102388381958,2019-12-30 23:00,0.0,99.33496117591858
2532,2019-12-28 23:00,2,3,2019-12-29 23:00,0.0,99.96310472488403,2019-12-30 23:00,0.0,99.9556303024292
2533,2019-12-29 4:00,2,1,2019-12-30 4:00,0.0,99.87749457359314,2019-12-31 4:00,0.0,99.16478991508484
2534,2019-12-29 5:30,1,1,2019-12-30 5:30,0.0,99.8579740524292,2019-12-31 5:30,0.0,99.84719157218933
2535,2019-12-29 5:30,1,3,2019-12-30 5:30,0.0,99.03098940849304,2019-12-31 5:30,0.0,99.4633674621582
2536,2019-12-29 6:30,2,1,2019-12-30 6:30,0.0,99.81970191001892,2019-12-31 6:30,0.0,99.38247799873352
2537,2019-12-29 7:30,2,1,2019-12-30 7:30,0.0,99.88622069358826,2019-12-31 7:30,0.0,99.19958710670471
2538,2019-12-29 10:00,1,1,2019-12-30 10:00,0.0,99.84420537948608,2019-12-31 10:00,0.0,99.52219128608704
2539,2019-12-29 11:30,1,2,2019-12-30 11:30,0.0,99.51798915863037,2019-12-31 11:30,0.0,98.35761189460754
2540,2019-12-29 12:00,1,2,2019-12-30 12:00,0.0,98.95627498626709,2019-12-31 12:00,0.0,98.25098514556885
2541,2019-12-29 12:00,2,2,2019-12-30 12:00,0.0,99.78506565093994,2019-12-31 12:00,0.0,99.67321753501892
2542,2019-12-29 12:00,1,3,2019-12-30 12:00,0.0,98.76425862312317,2019-12-31 12:00,0.0,99.09534454345703
2543,2019-12-29 12:30,2,1,2019-12-30 12:30,0.0,99.59842562675476,2019-12-31 12:30,0.0,97.93539047241211
2544,2019-12-29 12:30,1,2,2019-12-30 12:30,0.0,98.95627498626709,2019-12-31 12:30,0.0,97.82626032829285
2545,2019-12-29 12:30,2,2,2019-12-30 12:30,0.0,99.82331395149231,2019-12-31 12:30,0.0,99.55064654350281
2546,2019-12-29 12:30,1,3,2019-12-30 12:30,0.0,98.76425862312317,2019-12-31 12:30,0.0,98.12473654747009
2547,2019-12-29 13:00,2,1,2019-12-30 13:00,0.0,99.75669980049133,2019-12-31 13:00,0.0,97.75140285491943
2548,2019-12-29 13:00,1,2,2019-12-30 13:00,0.0,99.12951588630676,2019-12-31 13:00,0.0,99.49800372123718
2549,2019-12-29 13:00,2,2,2019-12-30 13:00,0.0,99.80737566947937,2019-12-31 13:00,0.0,99.66505765914917
2550,2019-12-29 13:00,1,3,2019-12-30 13:00,0.0,98.75594973564148,2019-12-31 13:00,0.0,98.95032048225403
2551,2019-12-29 13:30,2,1,2019-12-30 13:30,0.0,99.50104355812073,2019-12-31 13:30,0.0,97.55612015724182
2552,2019-12-29 13:30,1,2,2019-12-30 13:30,0.0,99.1786539554596,2019-12-31 13:30,0.0,99.4778037071228
2553,2019-12-29 13:30,2,2,2019-12-30 13:30,0.0,99.83028769493103,2019-12-31 13:30,0.0,99.01259541511536
2554,2019-12-29 13:30,1,3,2019-12-30 13:30,0.0,99.37524795532227,2019-12-31 13:30,0.0,99.13902282714844
2555,2019-12-29 14:00,2,1,2019-12-30 14:00,0.0,98.65967631340027,2019-12-31 14:00,0.0,98.03733825683594
2556,2019-12-29 14:00,1,2,2019-12-30 14:00,0.0,98.97899031639099,2019-12-31 14:00,0.0,99.73057508468628
2557,2019-12-29 14:00,2,2,2019-12-30 14:00,0.0,99.77109432220459,2019-12-31 14:00,0.0,99.56883192062378
2558,2019-12-29 14:00,1,3,2019-12-30 14:00,0.0,99.3901789188385,2019-12-31 14:00,0.0,99.53066110610962
2559,2019-12-29 14:30,2,1,2019-12-30 14:30,0.0,98.49767088890076,2019-12-31 14:30,0.0,98.49016070365906
2560,2019-12-29 14:30,1,2,2019-12-30 14:30,0.0,99.79819059371948,2019-12-31 14:30,0.0,98.97145628929138
2561,2019-12-29 14:30,2,2,2019-12-30 14:30,0.0,99.56813454627991,2019-12-31 14:30,0.0,99.55607652664185
2562,2019-12-29 14:30,1,3,2019-12-30 14:30,0.0,99.43143129348755,2019-12-31 14:30,0.0,98.65502119064331
2563,2019-12-29 15:00,1,2,2019-12-30 15:00,0.0,99.79819059371948,2019-12-31 15:00,0.0,99.00750517845154
2564,2019-12-29 18:00,1,3,2019-12-30 18:00,0.0,99.69377517700195,2019-12-31 18:00,0.0,98.62965941429138
2565,2019-12-29 18:30,2,1,2019-12-30 18:30,0.0,99.01849031448364,2019-12-31 18:30,0.0,99.61249828338623
2566,2019-12-30 0:30,2,2,2019-12-31 0:30,0.0,99.88018274307251,2020-01-01 0:30,0.0,99.80806112289429
2567,2019-12-30 2:30,2,3,2019-12-31 2:30,0.0,99.96634125709534,2020-01-01 2:30,0.0,99.92448091506958
2568,2019-12-30 4:30,2,2,2019-12-31 4:30,0.0,99.85931515693665,2020-01-01 4:30,0.0,99.80555176734924
2569,2019-12-30 6:00,1,2,2019-12-31 6:00,0.0,99.81919527053833,2020-01-01 6:00,0.0,99.29806590080261
2570,2019-12-30 9:00,1,2,2019-12-31 9:00,0.0,99.80431795120239,2020-01-01 9:00,0.0,99.0235984325409
2571,2019-12-30 12:00,2,2,2019-12-31 12:00,0.0,99.6031105518341,2020-01-01 12:00,0.0,96.65873646736145
2572,2019-12-30 15:30,2,3,2019-12-31 15:30,0.0,99.70018267631531,2020-01-01 15:30,0.0,99.92980360984802
2573,2019-12-30 16:30,1,1,2019-12-31 16:30,1.0,68.0066466331482,2020-01-01 16:30,0.0,99.48846697807312
2574,2019-12-30 17:30,1,2,2019-12-31 17:30,0.0,99.04186129570007,2020-01-01 17:30,0.0,99.4896650314331
2575,2019-12-30 18:00,2,3,2019-12-31 18:00,0.0,99.97720122337341,2020-01-01 18:00,0.0,99.9614953994751
2576,2019-12-30 20:00,2,3,2019-12-31 20:00,0.0,99.97780919075012,2020-01-01 20:00,0.0,99.82545971870422
2577,2019-12-30 22:30,2,1,2019-12-31 22:30,0.0,99.67541694641113,2020-01-01 22:30,0.0,99.86600875854492
2578,2019-12-31 1:00,1,2,2020-01-01 1:00,0.0,99.51832294464111,2020-01-02 1:00,0.0,99.77412819862366
2579,2019-12-31 2:00,2,1,2020-01-01 2:00,0.0,99.39131736755371,2020-01-02 2:00,0.0,99.8823344707489
2580,2019-12-31 2:00,2,2,2020-01-01 2:00,0.0,97.94577360153198,2020-01-02 2:00,0.0,99.81703162193298
2581,2019-12-31 3:00,1,3,2020-01-01 3:00,0.0,90.1604413986206,2020-01-02 3:00,0.0,99.63657855987549
2582,2019-12-31 4:00,2,2,2020-01-01 4:00,0.0,98.87069463729858,2020-01-02 4:00,0.0,99.85855221748352
2583,2019-12-31 5:30,2,1,2020-01-01 5:30,0.0,99.935382604599,2020-01-02 5:30,0.0,99.94930624961853
2584,2019-12-31 6:30,2,2,2020-01-01 6:30,0.0,99.39117431640625,2020-01-02 6:30,0.0,99.89649057388306
2585,2019-12-31 7:00,1,2,2020-01-01 7:00,0.0,98.92030954360962,2020-01-02 7:00,0.0,96.57613039016724
2586,2019-12-31 10:00,2,3,2020-01-01 10:00,0.0,99.9801516532898,2020-01-02 10:00,0.0,99.97795820236206
2587,2019-12-31 10:30,1,2,2020-01-01 10:30,0.0,94.50076818466187,2020-01-02 10:30,0.0,99.92032051086426
2588,2019-12-31 15:00,1,1,2020-01-01 15:00,0.0,99.78382587432861,2020-01-02 15:00,0.0,99.93412494659424
2589,2019-12-31 20:30,1,2,2020-01-01 20:30,0.0,97.65598773956299,2020-01-02 20:30,0.0,99.77385401725769
2590,2019-12-31 21:30,2,2,2020-01-01 21:30,0.0,99.85215663909912,2020-01-02 21:30,0.0,99.92890954017639
2591,2019-12-31 22:00,2,3,2020-01-01 22:00,0.0,99.974524974823,2020-01-02 22:00,0.0,99.97168183326721
2592,2020-01-01 0:30,1,3,2020-01-02 0:30,0.0,98.1300950050354,2020-01-03 0:30,0.0,99.20326471328735
2593,2020-01-01 0:30,1,1,2020-01-02 0:30,0.0,99.82101321220398,2020-01-03 0:30,0.0,99.93636012077332
2594,2020-01-01 1:00,2,2,2020-01-02 1:00,0.0,99.86280798912048,2020-01-03 1:00,0.0,99.90381002426147
2595,2020-01-01 4:30,2,2,2020-01-02 4:30,0.0,99.76933002471924,2020-01-03 4:30,0.0,99.65298771858215
2596,2020-01-01 9:30,1,2,2020-01-02 9:30,0.0,98.68736863136292,2020-01-03 9:30,0.0,99.36196208000183
2597,2020-01-01 12:00,1,2,2020-01-02 12:00,0.0,99.61930513381958,2020-01-03 12:00,0.0,99.27244186401367
2598,2020-01-01 13:00,1,2,2020-01-02 13:00,0.0,99.7697114944458,2020-01-03 13:00,0.0,99.30425882339478
2599,2020-01-01 15:00,1,2,2020-01-02 15:00,0.0,99.70345497131348,2020-01-03 15:00,0.0,99.3525505065918
2600,2020-01-01 17:00,1,3,2020-01-02 17:00,0.0,99.44563508033752,2020-01-03 17:00,0.0,99.18845891952515
2601,2020-01-01 18:00,1,3,2020-01-02 18:00,0.0,99.64108467102051,2020-01-03 18:00,0.0,99.15632009506226
2602,2020-01-01 19:00,2,3,2020-01-02 19:00,0.0,99.96634125709534,2020-01-03 19:00,0.0,99.96073246002197
2603,2020-01-01 20:30,2,3,2020-01-02 20:30,0.0,99.96634125709534,2020-01-03 20:30,0.0,99.69903230667114
2604,2020-01-01 21:30,2,3,2020-01-02 21:30,0.0,99.96634125709534,2020-01-03 21:30,0.0,99.65935349464417
2605,2020-01-01 23:30,1,2,2020-01-02 23:30,0.0,99.85044598579407,2020-01-03 23:30,0.0,99.26509261131287
2606,2020-01-02 0:00,1,2,2020-01-03 0:00,0.0,99.78448748588562,2020-01-04 0:00,0.0,99.36754107475281
2607,2020-01-02 0:30,1,2,2020-01-03 0:30,0.0,99.84301924705505,2020-01-04 0:30,0.0,99.23427104949951
2608,2020-01-02 1:30,2,1,2020-01-03 1:30,0.0,99.8412549495697,2020-01-04 1:30,0.0,99.68042373657227
2609,2020-01-02 6:00,1,3,2020-01-03 6:00,0.0,99.6063232421875,2020-01-04 6:00,0.0,99.13644194602966
2610,2020-01-03 0:00,2,2,2020-01-04 0:00,0.0,99.93028044700623,2020-01-05 0:00,0.0,99.84524846076965
2611,2020-01-03 0:30,1,3,2020-01-04 0:30,0.0,99.6403157711029,2020-01-05 0:30,0.0,99.57844018936157
2612,2020-01-03 6:00,1,2,2020-01-04 6:00,0.0,99.89709258079529,2020-01-05 6:00,0.0,98.59852194786072
2613,2020-01-03 8:00,2,3,2020-01-04 8:00,0.0,99.97000098228455,2020-01-05 8:00,0.0,99.97065663337708
2614,2020-01-03 9:00,1,2,2020-01-04 9:00,0.0,99.57672953605652,2020-01-05 9:00,0.0,98.89324903488159
2615,2020-01-03 11:00,2,1,2020-01-04 11:00,0.0,99.70488548278809,2020-01-05 11:00,0.0,99.15286898612976
2616,2020-01-03 12:00,1,2,2020-01-04 12:00,0.0,99.63967204093933,2020-01-05 12:00,0.0,99.00714159011841
2617,2020-01-03 15:00,2,2,2020-01-04 15:00,0.0,99.57681894302368,2020-01-05 15:00,0.0,99.74085092544556
2618,2020-01-03 17:30,2,1,2020-01-04 17:30,0.0,99.69098567962646,2020-01-05 17:30,0.0,98.18089008331299
2619,2020-01-03 18:00,2,3,2020-01-04 18:00,0.0,99.90659356117249,2020-01-05 18:00,0.0,99.94233250617981
2620,2020-01-03 19:30,1,1,2020-01-04 19:30,0.0,99.82514977455139,2020-01-05 19:30,0.0,99.66200590133667
2621,2020-01-03 22:30,2,1,2020-01-04 22:30,0.0,99.76264834403992,2020-01-05 22:30,0.0,99.87126588821411
2622,2020-01-04 2:00,1,3,2020-01-05 2:00,0.0,98.91730546951294,2020-01-06 2:00,0.0,99.41774606704712
2623,2020-01-04 3:30,2,2,2020-01-05 3:30,0.0,99.78187084197998,2020-01-06 3:30,0.0,99.9517023563385
2624,2020-01-04 12:00,1,1,2020-01-05 12:00,0.0,99.9041736125946,2020-01-06 12:00,0.0,99.45025444030762
2625,2020-01-04 12:00,1,3,2020-01-05 12:00,0.0,99.6221661567688,2020-01-06 12:00,0.0,99.28292036056519
2626,2020-01-04 17:30,2,3,2020-01-05 17:30,0.0,99.90063309669495,2020-01-06 17:30,0.0,99.94356036186218
2627,2020-01-04 20:30,1,2,2020-01-05 20:30,0.0,99.7524619102478,2020-01-06 20:30,0.0,99.50498938560486
2628,2020-01-04 20:30,2,3,2020-01-05 20:30,0.0,99.96781349182129,2020-01-06 20:30,0.0,99.7949481010437
2629,2020-01-04 22:30,2,1,2020-01-05 22:30,0.0,99.90626573562622,2020-01-06 22:30,0.0,99.44230318069458
2630,2020-01-04 22:30,2,2,2020-01-05 22:30,0.0,99.88012909889221,2020-01-06 22:30,0.0,98.68595004081726
2631,2020-01-04 23:30,1,2,2020-01-05 23:30,0.0,99.75307583808899,2020-01-06 23:30,0.0,99.58974123001099
2632,2020-01-05 2:00,2,3,2020-01-06 2:00,0.0,99.95620846748352,2020-01-07 2:00,0.0,99.77059960365295
2633,2020-01-05 3:00,1,2,2020-01-06 3:00,0.0,99.6598482131958,2020-01-07 3:00,0.0,99.49498772621155
2634,2020-01-05 3:30,2,1,2020-01-06 3:30,0.0,99.67387318611145,2020-01-07 3:30,0.0,99.78898167610168
2635,2020-01-05 4:00,1,2,2020-01-06 4:00,0.0,99.56868290901184,2020-01-07 4:00,0.0,99.58882927894592
2636,2020-01-05 5:30,1,2,2020-01-06 5:30,0.0,99.79568719863892,2020-01-07 5:30,0.0,98.19850325584412
2637,2020-01-05 6:00,1,2,2020-01-06 6:00,0.0,99.40192699432373,2020-01-07 6:00,0.0,98.77036809921265
2638,2020-01-05 6:00,2,2,2020-01-06 6:00,0.0,92.41223335266113,2020-01-07 6:00,0.0,99.8706579208374
2639,2020-01-05 6:00,1,3,2020-01-06 6:00,0.0,98.85900020599365,2020-01-07 6:00,0.0,99.62121248245239
2640,2020-01-05 6:30,1,1,2020-01-06 6:30,0.0,99.4360089302063,2020-01-07 6:30,0.0,99.49565529823303
2641,2020-01-05 7:00,2,3,2020-01-06 7:00,0.0,99.94363784790039,2020-01-07 7:00,0.0,99.97479319572449
2642,2020-01-05 9:00,2,2,2020-01-06 9:00,0.0,98.93561005592346,2020-01-07 9:00,0.0,99.51570630073547
2643,2020-01-05 9:00,1,3,2020-01-06 9:00,0.0,99.22205209732056,2020-01-07 9:00,0.0,98.86786937713623
2644,2020-01-05 9:30,1,2,2020-01-06 9:30,0.0,99.77433681488037,2020-01-07 9:30,0.0,99.49347376823425
2645,2020-01-05 11:00,2,1,2020-01-06 11:00,0.0,99.7107446193695,2020-01-07 11:00,0.0,86.60927414894104
2646,2020-01-05 11:00,1,2,2020-01-06 11:00,0.0,99.76957440376282,2020-01-07 11:00,0.0,99.11028742790222
2647,2020-01-05 12:00,1,1,2020-01-06 12:00,0.0,99.82057213783264,2020-01-07 12:00,0.0,95.11233568191528
2648,2020-01-05 12:00,2,2,2020-01-06 12:00,0.0,99.9421238899231,2020-01-07 12:00,0.0,99.92407560348511
2649,2020-01-05 12:00,1,3,2020-01-06 12:00,0.0,98.00499081611633,2020-01-07 12:00,0.0,99.44384694099426
2650,2020-01-05 13:00,1,1,2020-01-06 13:00,0.0,99.75388646125793,2020-01-07 13:00,0.0,99.92071986198425
2651,2020-01-05 13:00,2,1,2020-01-06 13:00,0.0,99.78251457214355,2020-01-07 13:00,0.0,99.49432015419006
2652,2020-01-05 13:00,1,2,2020-01-06 13:00,0.0,99.57188367843628,2020-01-07 13:00,0.0,99.88535046577454
2653,2020-01-05 13:30,1,1,2020-01-06 13:30,0.0,99.6389091014862,2020-01-07 13:30,0.0,99.92071986198425
2654,2020-01-05 13:30,2,2,2020-01-06 13:30,0.0,99.9734878540039,2020-01-07 13:30,0.0,99.97358322143555
2655,2020-01-05 13:30,1,3,2020-01-06 13:30,0.0,99.15643334388733,2020-01-07 13:30,0.0,99.88553524017334
2656,2020-01-05 14:00,2,3,2020-01-06 14:00,0.0,99.95363354682922,2020-01-07 14:00,0.0,99.9541163444519
2657,2020-01-05 14:30,2,3,2020-01-06 14:30,0.0,99.9717652797699,2020-01-07 14:30,0.0,99.9541163444519
2658,2020-01-05 16:00,2,1,2020-01-06 16:00,0.0,99.87003207206726,2020-01-07 16:00,0.0,97.62413501739502
2659,2020-01-05 16:00,2,3,2020-01-06 16:00,0.0,99.95363354682922,2020-01-07 16:00,0.0,99.92881417274475
2660,2020-01-05 17:30,2,1,2020-01-06 17:30,0.0,96.85947895050049,2020-01-07 17:30,0.0,98.35229516029358
2661,2020-01-05 17:30,2,3,2020-01-06 17:30,0.0,99.67893362045288,2020-01-07 17:30,0.0,99.929678440094
2662,2020-01-05 18:00,2,1,2020-01-06 18:00,0.0,96.05786800384521,2020-01-07 18:00,0.0,99.16598796844482
2663,2020-01-05 18:30,1,1,2020-01-06 18:30,0.0,99.61265325546265,2020-01-07 18:30,0.0,99.59174394607544
2664,2020-01-05 19:00,2,1,2020-01-06 19:00,0.0,99.46823716163635,2020-01-07 19:00,0.0,99.0135133266449
2665,2020-01-05 19:00,1,2,2020-01-06 19:00,0.0,99.68076348304749,2020-01-07 19:00,0.0,99.73674416542053
2666,2020-01-05 19:00,2,3,2020-01-06 19:00,0.0,99.88165497779846,2020-01-07 19:00,0.0,99.92161393165588
2667,2020-01-05 19:30,2,3,2020-01-06 19:30,0.0,99.90529417991638,2020-01-07 19:30,0.0,99.91512298583984
2668,2020-01-05 20:30,2,2,2020-01-06 20:30,0.0,99.80900287628174,2020-01-07 20:30,0.0,98.81222248077393
2669,2020-01-05 20:30,1,3,2020-01-06 20:30,0.0,99.22404289245605,2020-01-07 20:30,0.0,99.23038482666016
2670,2020-01-05 21:00,1,1,2020-01-06 21:00,0.0,99.87126588821411,2020-01-07 21:00,0.0,99.61802363395691
2671,2020-01-05 21:00,2,2,2020-01-06 21:00,0.0,99.80900287628174,2020-01-07 21:00,0.0,98.49638938903809
2672,2020-01-05 21:00,1,3,2020-01-06 21:00,0.0,98.62850308418274,2020-01-07 21:00,0.0,99.22865033149719
2673,2020-01-05 21:30,1,1,2020-01-06 21:30,0.0,99.87126588821411,2020-01-07 21:30,0.0,99.26390647888184
2674,2020-01-05 22:00,2,3,2020-01-06 22:00,0.0,99.9582827091217,2020-01-07 22:00,0.0,99.72171783447266
2675,2020-01-05 22:30,2,3,2020-01-06 22:30,0.0,99.9146580696106,2020-01-07 22:30,0.0,99.39630031585693
2676,2020-01-05 23:00,2,1,2020-01-06 23:00,0.0,99.88422989845276,2020-01-07 23:00,0.0,99.66776967048645
2677,2020-01-05 23:00,2,2,2020-01-06 23:00,0.0,99.79801774024963,2020-01-07 23:00,0.0,97.58133888244629
2678,2020-01-05 23:00,1,3,2020-01-06 23:00,0.0,99.22932386398315,2020-01-07 23:00,0.0,99.18242692947388
2679,2020-01-05 23:30,1,1,2020-01-06 23:30,0.0,99.8712956905365,2020-01-07 23:30,0.0,99.54120516777039
2680,2020-01-05 23:30,2,2,2020-01-06 23:30,0.0,99.80960488319397,2020-01-07 23:30,0.0,97.94862270355225
2681,2020-01-05 23:30,1,3,2020-01-06 23:30,0.0,99.5581567287445,2020-01-07 23:30,0.0,99.25336837768555
2682,2020-01-05 23:30,2,3,2020-01-06 23:30,0.0,99.9426782131195,2020-01-07 23:30,0.0,99.91040229797363
2683,2020-01-06 3:00,1,1,2020-01-07 3:00,0.0,99.8712956905365,2020-01-08 3:00,0.0,99.62772727012634
2684,2020-01-06 3:00,1,2,2020-01-07 3:00,0.0,99.70086812973022,2020-01-08 3:00,0.0,99.61610436439514
2685,2020-01-06 3:00,2,2,2020-01-07 3:00,0.0,99.80672001838684,2020-01-08 3:00,0.0,99.68331456184387
2686,2020-01-06 3:00,1,3,2020-01-07 3:00,0.0,99.56437349319458,2020-01-08 3:00,0.0,99.1991937160492
2687,2020-01-06 3:00,2,3,2020-01-07 3:00,0.0,99.96781349182129,2020-01-08 3:00,0.0,99.86700415611267
2688,2020-01-06 3:30,2,1,2020-01-07 3:30,0.0,99.88422989845276,2020-01-08 3:30,0.0,99.53933954238892
2689,2020-01-06 4:00,1,1,2020-01-07 4:00,0.0,99.88961219787598,2020-01-08 4:00,0.0,99.73222017288208
2690,2020-01-06 4:00,1,2,2020-01-07 4:00,0.0,99.62933659553528,2020-01-08 4:00,0.0,99.6480941772461
2691,2020-01-06 4:00,2,2,2020-01-07 4:00,0.0,99.87223148345947,2020-01-08 4:00,0.0,98.78470301628113
2692,2020-01-06 4:00,1,3,2020-01-07 4:00,0.0,99.05720949172974,2020-01-08 4:00,0.0,99.06281232833862
2693,2020-01-06 5:30,1,1,2020-01-07 5:30,0.0,99.88961219787598,2020-01-08 5:30,0.0,99.70341324806213
2694,2020-01-06 5:30,1,2,2020-01-07 5:30,0.0,99.70086812973022,2020-01-08 5:30,0.0,99.6480941772461
2695,2020-01-06 5:30,2,2,2020-01-07 5:30,0.0,99.88012909889221,2020-01-08 5:30,0.0,98.88538718223572
2696,2020-01-06 5:30,1,3,2020-01-07 5:30,0.0,99.21038150787354,2020-01-08 5:30,0.0,99.14863705635071
2697,2020-01-06 6:00,1,1,2020-01-07 6:00,0.0,99.88961219787598,2020-01-08 6:00,0.0,99.69537258148193
2698,2020-01-06 6:00,1,2,2020-01-07 6:00,0.0,99.72301125526428,2020-01-08 6:00,0.0,99.66530203819275
2699,2020-01-06 6:00,2,2,2020-01-07 6:00,0.0,99.87044334411621,2020-01-08 6:00,0.0,98.61183762550354
2700,2020-01-06 6:00,1,3,2020-01-07 6:00,0.0,99.4800329208374,2020-01-08 6:00,0.0,99.3627667427063
2701,2020-01-06 9:30,1,1,2020-01-07 9:30,0.0,99.92126822471619,2020-01-08 9:30,0.0,99.47705864906311
2702,2020-01-06 9:30,1,2,2020-01-07 9:30,0.0,99.78243112564087,2020-01-08 9:30,0.0,98.83875846862793
2703,2020-01-06 9:30,2,2,2020-01-07 9:30,0.0,99.76839423179626,2020-01-08 9:30,0.0,99.63016510009766
2704,2020-01-06 9:30,1,3,2020-01-07 9:30,0.0,99.2666244506836,2020-01-08 9:30,0.0,97.5572407245636
2705,2020-01-06 10:30,2,3,2020-01-07 10:30,0.0,99.9381959438324,2020-01-08 10:30,0.0,99.9016284942627
2706,2020-01-06 11:00,1,1,2020-01-07 11:00,0.0,99.84379410743713,2020-01-08 11:00,0.0,99.58608150482178
2707,2020-01-06 11:00,2,1,2020-01-07 11:00,0.0,99.83723163604736,2020-01-08 11:00,0.0,99.60275292396545
2708,2020-01-06 11:00,1,2,2020-01-07 11:00,0.0,99.31683540344238,2020-01-08 11:00,0.0,99.73397254943848
2709,2020-01-06 11:00,2,2,2020-01-07 11:00,0.0,99.69324469566345,2020-01-08 11:00,0.0,99.80290532112122
2710,2020-01-06 11:00,1,3,2020-01-07 11:00,0.0,99.56091046333313,2020-01-08 11:00,0.0,99.31540489196777
2711,2020-01-06 13:00,1,1,2020-01-07 13:00,0.0,99.84610676765442,2020-01-08 13:00,0.0,99.6139645576477
2712,2020-01-06 13:00,2,1,2020-01-07 13:00,0.0,99.83404278755188,2020-01-08 13:00,0.0,99.65429902076721
2713,2020-01-06 13:00,1,2,2020-01-07 13:00,0.0,99.78783130645752,2020-01-08 13:00,0.0,99.39344525337219
2714,2020-01-06 13:00,2,2,2020-01-07 13:00,0.0,99.71349239349365,2020-01-08 13:00,0.0,99.74890351295471
2715,2020-01-06 13:00,1,3,2020-01-07 13:00,0.0,99.79259371757507,2020-01-08 13:00,0.0,99.18407797813416
2716,2020-01-06 13:00,2,3,2020-01-07 13:00,0.0,99.88879561424255,2020-01-08 13:00,0.0,95.40145993232727
2717,2020-01-06 14:30,2,3,2020-01-07 14:30,0.0,99.88879561424255,2020-01-08 14:30,0.0,99.93868470191956
2718,2020-01-06 16:00,2,1,2020-01-07 16:00,0.0,99.8461127281189,2020-01-08 16:00,0.0,99.33136105537415
2719,2020-01-06 17:30,2,1,2020-01-07 17:30,0.0,99.93247985839844,2020-01-08 17:30,0.0,99.866384267807
2720,2020-01-06 18:00,2,1,2020-01-07 18:00,0.0,99.9376654624939,2020-01-08 18:00,0.0,99.91243481636047
2721,2020-01-06 19:00,1,1,2020-01-07 19:00,0.0,99.9318778514862,2020-01-08 19:00,0.0,99.68156814575195
2722,2020-01-06 19:00,2,1,2020-01-07 19:00,0.0,99.93777275085449,2020-01-08 19:00,0.0,99.85130429267883
2723,2020-01-06 19:00,1,2,2020-01-07 19:00,0.0,99.80750679969788,2020-01-08 19:00,0.0,99.28610920906067
2724,2020-01-06 19:00,2,2,2020-01-07 19:00,0.0,99.87404346466064,2020-01-08 19:00,0.0,99.84129667282104
2725,2020-01-06 19:00,1,3,2020-01-07 19:00,0.0,99.55312609672546,2020-01-08 19:00,0.0,99.36615228652954
2726,2020-01-06 19:00,2,3,2020-01-07 19:00,0.0,99.96634125709534,2020-01-08 19:00,0.0,99.87596273422241
2727,2020-01-06 20:00,2,3,2020-01-07 20:00,0.0,99.96634125709534,2020-01-08 20:00,0.0,99.87596273422241
2728,2020-01-06 22:00,2,3,2020-01-07 22:00,0.0,99.95118975639343,2020-01-08 22:00,0.0,99.88835453987122
2729,2020-01-06 22:30,2,3,2020-01-07 22:30,0.0,99.91099238395691,2020-01-08 22:30,0.0,99.919992685318
2730,2020-01-06 23:00,2,1,2020-01-07 23:00,0.0,99.82962012290955,2020-01-08 23:00,0.0,99.82185959815979
2731,2020-01-06 23:00,2,3,2020-01-07 23:00,0.0,99.91099238395691,2020-01-08 23:00,0.0,99.87596273422241
2732,2020-01-06 23:30,2,3,2020-01-07 23:30,0.0,99.93559122085571,2020-01-08 23:30,0.0,99.919992685318
2733,2020-01-07 0:00,1,1,2020-01-08 0:00,0.0,99.91050958633423,2020-01-09 0:00,0.0,99.70661997795105
2734,2020-01-07 0:00,2,1,2020-01-08 0:00,0.0,99.8933494091034,2020-01-09 0:00,0.0,99.86028671264648
2735,2020-01-07 0:00,1,2,2020-01-08 0:00,0.0,99.79981184005737,2020-01-09 0:00,0.0,98.91980290412903
2736,2020-01-07 0:00,2,2,2020-01-08 0:00,0.0,99.76577162742615,2020-01-09 0:00,0.0,99.72387552261353
2737,2020-01-07 0:00,1,3,2020-01-08 0:00,0.0,99.69269633293152,2020-01-09 0:00,0.0,98.93677234649658
2738,2020-01-07 0:00,2,3,2020-01-08 0:00,0.0,99.93872046470642,2020-01-09 0:00,0.0,99.87596273422241
2739,2020-01-07 0:30,1,1,2020-01-08 0:30,0.0,99.91050958633423,2020-01-09 0:30,0.0,99.70661997795105
2740,2020-01-07 0:30,2,1,2020-01-08 0:30,0.0,99.88211989402771,2020-01-09 0:30,0.0,99.81464743614197
2741,2020-01-07 0:30,1,2,2020-01-08 0:30,0.0,99.81809854507446,2020-01-09 0:30,0.0,98.89702796936035
2742,2020-01-07 0:30,2,2,2020-01-08 0:30,0.0,99.76577162742615,2020-01-09 0:30,0.0,99.72387552261353
2743,2020-01-07 0:30,1,3,2020-01-08 0:30,0.0,99.69269633293152,2020-01-09 0:30,0.0,99.01341199874878
2744,2020-01-07 1:00,1,1,2020-01-08 1:00,0.0,99.8924970626831,2020-01-09 1:00,0.0,99.70661997795105
2745,2020-01-07 1:00,1,2,2020-01-08 1:00,0.0,99.79981184005737,2020-01-09 1:00,0.0,98.89702796936035
2746,2020-01-07 1:00,2,2,2020-01-08 1:00,0.0,99.84256029129028,2020-01-09 1:00,0.0,99.72387552261353
2747,2020-01-07 1:00,1,3,2020-01-08 1:00,0.0,99.34463500976562,2020-01-09 1:00,0.0,98.52198958396912
2748,2020-01-07 1:30,1,1,2020-01-08 1:30,0.0,99.87910389900208,2020-01-09 1:30,0.0,99.70661997795105
2749,2020-01-07 1:30,1,2,2020-01-08 1:30,0.0,99.79981184005737,2020-01-09 1:30,0.0,98.89702796936035
2750,2020-01-07 1:30,1,3,2020-01-08 1:30,0.0,99.70151782035828,2020-01-09 1:30,0.0,99.01341199874878
2751,2020-01-07 2:00,1,1,2020-01-08 2:00,0.0,99.89936351776123,2020-01-09 2:00,0.0,99.70661997795105
2752,2020-01-07 2:00,1,2,2020-01-08 2:00,0.0,99.75195527076721,2020-01-09 2:00,0.0,98.89702796936035
2753,2020-01-07 2:00,2,2,2020-01-08 2:00,0.0,99.84256029129028,2020-01-09 2:00,0.0,99.72387552261353
2754,2020-01-07 2:00,1,3,2020-01-08 2:00,0.0,99.38070178031921,2020-01-09 2:00,0.0,98.52198958396912
2755,2020-01-07 2:30,1,1,2020-01-08 2:30,0.0,99.87910389900208,2020-01-09 2:30,0.0,99.70661997795105
2756,2020-01-07 2:30,1,2,2020-01-08 2:30,0.0,99.74533319473267,2020-01-09 2:30,0.0,98.91980290412903
2757,2020-01-07 2:30,2,2,2020-01-08 2:30,0.0,99.84256029129028,2020-01-09 2:30,0.0,99.72387552261353
2758,2020-01-07 2:30,1,3,2020-01-08 2:30,0.0,99.38070178031921,2020-01-09 2:30,0.0,97.35355973243713
2759,2020-01-07 3:00,1,2,2020-01-08 3:00,0.0,99.74533319473267,2020-01-09 3:00,0.0,98.91980290412903
2760,2020-01-07 3:30,1,2,2020-01-08 3:30,0.0,99.74533319473267,2020-01-09 3:30,0.0,98.89702796936035
2761,2020-01-07 4:00,2,1,2020-01-08 4:00,0.0,98.65505695343018,2020-01-09 4:00,0.0,99.75988864898682
2762,2020-01-07 6:30,1,1,2020-01-08 6:30,0.0,99.87910389900208,2020-01-09 6:30,0.0,99.64367151260376
2763,2020-01-07 7:00,1,1,2020-01-08 7:00,0.0,99.87910389900208,2020-01-09 7:00,0.0,99.64367151260376
2764,2020-01-07 11:30,2,1,2020-01-08 11:30,0.0,99.75248575210571,2020-01-09 11:30,0.0,99.13164377212524
2765,2020-01-07 13:00,2,1,2020-01-08 13:00,0.0,99.75248575210571,2020-01-09 13:00,0.0,99.2701768875122
2766,2020-01-07 13:00,2,2,2020-01-08 13:00,0.0,99.81427788734436,2020-01-09 13:00,0.0,99.38513040542603
2767,2020-01-07 13:30,2,1,2020-01-08 13:30,0.0,99.75248575210571,2020-01-09 13:30,0.0,99.13164377212524
2768,2020-01-07 16:00,1,2,2020-01-08 16:00,0.0,99.8340368270874,2020-01-09 16:00,0.0,95.62674164772034
2769,2020-01-07 16:00,2,1,2020-01-08 16:00,0.0,99.73306059837341,2020-01-09 16:00,0.0,99.13164377212524
2770,2020-01-07 19:30,2,3,2020-01-08 19:30,0.0,99.9407708644867,2020-01-09 19:30,0.0,99.87689852714539
2771,2020-01-07 22:30,1,1,2020-01-08 22:30,0.0,99.80546236038208,2020-01-09 22:30,0.0,85.4315996170044
2772,2020-01-07 23:00,1,3,2020-01-08 23:00,0.0,99.58685636520386,2020-01-09 23:00,0.0,99.61923360824585
2773,2020-01-08 0:00,2,1,2020-01-09 0:00,0.0,99.79539513587952,2020-01-10 0:00,0.0,99.5808482170105
2774,2020-01-08 0:30,2,3,2020-01-09 0:30,0.0,99.81011152267456,2020-01-10 0:30,0.0,99.88927245140076
2775,2020-01-08 3:00,2,3,2020-01-09 3:00,0.0,99.94800686836243,2020-01-10 3:00,0.0,99.94004964828491
2776,2020-01-08 4:00,2,2,2020-01-09 4:00,0.0,99.8244047164917,2020-01-10 4:00,0.0,99.68834519386292
2777,2020-01-08 4:00,1,1,2020-01-09 4:00,0.0,99.82572793960571,2020-01-10 4:00,0.0,99.39011931419373
2778,2020-01-08 7:00,2,1,2020-01-09 7:00,0.0,99.75886940956116,2020-01-10 7:00,0.0,99.70495104789734
2779,2020-01-08 8:00,1,2,2020-01-09 8:00,0.0,98.84334802627563,2020-01-10 8:00,0.0,91.44484400749207
2780,2020-01-08 8:30,1,2,2020-01-09 8:30,0.0,98.84334802627563,2020-01-10 8:30,0.0,91.44484400749207
2781,2020-01-08 10:30,1,1,2020-01-09 10:30,0.0,99.82391595840454,2020-01-10 10:30,0.0,99.1503894329071
2782,2020-01-08 11:30,2,2,2020-01-09 11:30,0.0,99.3887186050415,2020-01-10 11:30,0.0,99.79248642921448
2783,2020-01-08 11:30,1,2,2020-01-09 11:30,0.0,97.15520143508911,2020-01-10 11:30,0.0,95.31009197235107
2784,2020-01-08 17:00,2,2,2020-01-09 17:00,0.0,99.52300190925598,2020-01-10 17:00,0.0,99.3371307849884
2785,2020-01-08 21:00,1,1,2020-01-09 21:00,1.0,77.43252515792847,2020-01-10 21:00,0.0,99.21244978904724
2786,2020-01-08 21:00,2,2,2020-01-09 21:00,0.0,99.15186166763306,2020-01-10 21:00,0.0,99.62117671966553
2787,2020-01-08 21:30,1,2,2020-01-09 21:30,0.0,85.64245104789734,2020-01-10 21:30,0.0,99.10479187965393
2788,2020-01-08 23:00,1,1,2020-01-09 23:00,0.0,98.4623372554779,2020-01-10 23:00,0.0,99.13925528526306
2789,2020-01-09 4:00,2,2,2020-01-10 4:00,0.0,99.87960457801819,2020-01-11 4:00,0.0,99.66347217559814
2790,2020-01-09 5:00,2,1,2020-01-10 5:00,0.0,99.76967573165894,2020-01-11 5:00,0.0,99.69016909599304
2791,2020-01-09 8:30,2,1,2020-01-10 8:30,0.0,99.76238012313843,2020-01-11 8:30,0.0,99.68027472496033
2792,2020-01-09 18:00,1,1,2020-01-10 18:00,0.0,99.65811967849731,2020-01-11 18:00,0.0,99.76742267608643
2793,2020-01-09 22:00,1,3,2020-01-10 22:00,0.0,99.45341944694519,2020-01-11 22:00,0.0,99.35078620910645
2794,2020-01-10 3:30,2,1,2020-01-11 3:30,0.0,99.31069016456604,2020-01-12 3:30,0.0,98.7122654914856
2795,2020-01-10 6:30,2,3,2020-01-11 6:30,0.0,99.97157454490662,2020-01-12 6:30,0.0,99.97203946113586
2796,2020-01-10 6:30,1,2,2020-01-11 6:30,0.0,99.4340717792511,2020-01-12 6:30,0.0,99.67666864395142
2797,2020-01-10 8:00,1,2,2020-01-11 8:00,0.0,99.52627420425415,2020-01-12 8:00,0.0,99.5710015296936
2798,2020-01-10 9:30,1,1,2020-01-11 9:30,0.0,99.85425472259521,2020-01-12 9:30,0.0,99.67579245567322
2799,2020-01-10 10:30,1,1,2020-01-11 10:30,0.0,99.83922839164734,2020-01-12 10:30,0.0,99.52943325042725
2800,2020-01-10 12:30,1,1,2020-01-11 12:30,0.0,99.84959363937378,2020-01-12 12:30,0.0,99.25921559333801
2801,2020-01-10 13:00,2,3,2020-01-11 13:00,0.0,99.93415474891663,2020-01-12 13:00,0.0,99.95396733283997
2802,2020-01-10 15:30,1,3,2020-01-11 15:30,0.0,96.40585780143738,2020-01-12 15:30,0.0,99.52136874198914
2803,2020-01-10 19:30,1,2,2020-01-11 19:30,0.0,99.23210144042969,2020-01-12 19:30,0.0,99.58072304725647
2804,2020-01-10 21:00,2,1,2020-01-11 21:00,0.0,99.84482526779175,2020-01-12 21:00,0.0,99.24022555351257
2805,2020-01-11 0:30,2,3,2020-01-12 0:30,0.0,99.92821216583252,2020-01-13 0:30,0.0,99.95383024215698
2806,2020-01-11 1:00,1,2,2020-01-12 1:00,0.0,99.88737106323242,2020-01-13 1:00,0.0,99.43573474884033
2807,2020-01-11 1:30,2,3,2020-01-12 1:30,0.0,99.97422695159912,2020-01-13 1:30,0.0,99.97073411941528
2808,2020-01-11 5:00,1,3,2020-01-12 5:00,0.0,99.4722843170166,2020-01-13 5:00,0.0,99.43803548812866
2809,2020-01-11 9:00,1,2,2020-01-12 9:00,0.0,99.93201494216919,2020-01-13 9:00,0.0,99.30347800254822
2810,2020-01-11 15:30,1,1,2020-01-12 15:30,0.0,99.73824620246887,2020-01-13 15:30,0.0,99.76691603660583
2811,2020-01-11 16:00,2,3,2020-01-12 16:00,0.0,99.96104836463928,2020-01-13 16:00,0.0,99.94346499443054
2812,2020-01-11 17:00,2,2,2020-01-12 17:00,0.0,99.86001253128052,2020-01-13 17:00,0.0,97.3355770111084
2813,2020-01-11 17:30,2,3,2020-01-12 17:30,0.0,99.96468424797058,2020-01-13 17:30,0.0,99.9614953994751
2814,2020-01-11 19:00,2,2,2020-01-12 19:00,0.0,99.88547563552856,2020-01-13 19:00,0.0,99.16728138923645
2815,2020-01-11 20:30,2,1,2020-01-12 20:30,0.0,99.71697330474854,2020-01-13 20:30,0.0,98.8666832447052
2816,2020-01-11 23:30,2,2,2020-01-12 23:30,0.0,99.80278015136719,2020-01-13 23:30,0.0,97.85658121109009
2817,2020-01-12 0:00,1,2,2020-01-13 0:00,0.0,99.54950213432312,2020-01-14 0:00,0.0,99.65941309928894
2818,2020-01-12 1:30,1,1,2020-01-13 1:30,0.0,99.77614283561707,2020-01-14 1:30,0.0,99.79094862937927
2819,2020-01-12 2:00,2,1,2020-01-13 2:00,0.0,99.90019202232361,2020-01-14 2:00,0.0,99.4494616985321
2820,2020-01-12 3:00,2,2,2020-01-13 3:00,0.0,99.73855018615723,2020-01-14 3:00,0.0,95.60024738311768
2821,2020-01-12 5:00,1,3,2020-01-13 5:00,0.0,99.4029700756073,2020-01-14 5:00,0.0,99.11964535713196
2822,2020-01-12 6:00,1,1,2020-01-13 6:00,0.0,99.87126588821411,2020-01-14 6:00,0.0,99.24883246421814
2823,2020-01-12 7:00,1,1,2020-01-13 7:00,0.0,99.87126588821411,2020-01-14 7:00,0.0,99.76540803909302
2824,2020-01-12 14:00,2,1,2020-01-13 14:00,0.0,98.00583720207214,2020-01-14 14:00,0.0,98.06401133537292
2825,2020-01-12 14:30,2,1,2020-01-13 14:30,0.0,96.26696109771729,2020-01-14 14:30,0.0,97.07195162773132
2826,2020-01-12 19:30,2,3,2020-01-13 19:30,0.0,99.96733665466309,2020-01-14 19:30,0.0,99.6419608592987
2827,2020-01-12 22:30,1,1,2020-01-13 22:30,0.0,99.73105192184448,2020-01-14 22:30,0.0,99.36506152153015
2828,2020-01-13 1:00,1,3,2020-01-14 1:00,0.0,99.02058839797974,2020-01-15 1:00,0.0,99.21507835388184
2829,2020-01-13 2:00,1,3,2020-01-14 2:00,0.0,99.51788783073425,2020-01-15 2:00,0.0,99.279123544693
2830,2020-01-13 3:30,2,3,2020-01-14 3:30,0.0,99.9592125415802,2020-01-15 3:30,0.0,99.52206015586853
2831,2020-01-13 3:30,1,1,2020-01-14 3:30,0.0,99.54942464828491,2020-01-15 3:30,0.0,99.66595768928528
2832,2020-01-13 4:30,1,2,2020-01-14 4:30,0.0,99.46203231811523,2020-01-15 4:30,0.0,99.49098229408264
2833,2020-01-13 6:00,2,2,2020-01-14 6:00,0.0,99.77452158927917,2020-01-15 6:00,0.0,99.14544820785522
2834,2020-01-13 10:00,1,1,2020-01-14 10:00,0.0,99.77214336395264,2020-01-15 10:00,0.0,98.8716185092926
2835,2020-01-13 12:30,2,1,2020-01-14 12:30,0.0,99.89719986915588,2020-01-15 12:30,0.0,99.77647662162781
2836,2020-01-14 0:00,1,3,2020-01-15 0:00,0.0,97.71437048912048,2020-01-16 0:00,0.0,99.58833456039429
2837,2020-01-14 4:00,2,1,2020-01-15 4:00,0.0,93.6680793762207,2020-01-16 4:00,0.0,99.86075162887573
2838,2020-01-14 6:30,2,3,2020-01-15 6:30,0.0,99.9241590499878,2020-01-16 6:30,0.0,99.97074604034424
2839,2020-01-14 8:00,2,1,2020-01-15 8:00,0.0,97.89022207260132,2020-01-16 8:00,0.0,99.86953735351562
2840,2020-01-14 8:30,2,3,2020-01-15 8:30,0.0,99.95951652526855,2020-01-16 8:30,0.0,99.9360203742981
2841,2020-01-14 17:30,1,1,2020-01-15 17:30,0.0,99.88203048706055,2020-01-16 17:30,0.0,99.34227466583252
2842,2020-01-14 20:00,1,3,2020-01-15 20:00,0.0,98.6867606639862,2020-01-16 20:00,0.0,99.72512125968933
2843,2020-01-15 0:30,1,2,2020-01-16 0:30,0.0,99.7833251953125,2020-01-17 0:30,0.0,99.733966588974
2844,2020-01-15 1:00,1,3,2020-01-16 1:00,0.0,98.44458103179932,2020-01-17 1:00,0.0,99.61889386177063
2845,2020-01-15 3:30,2,1,2020-01-16 3:30,0.0,99.288809299469,2020-01-17 3:30,0.0,99.76322650909424
2846,2020-01-15 4:30,2,1,2020-01-16 4:30,0.0,99.11535382270813,2020-01-17 4:30,0.0,99.75160360336304
2847,2020-01-15 5:00,2,2,2020-01-16 5:00,0.0,99.52941536903381,2020-01-17 5:00,0.0,99.76685643196106
2848,2020-01-15 7:00,2,2,2020-01-16 7:00,0.0,98.65303039550781,2020-01-17 7:00,0.0,99.84849691390991
2849,2020-01-15 7:30,1,2,2020-01-16 7:30,0.0,99.17649626731873,2020-01-17 7:30,0.0,96.96823358535767
2850,2020-01-15 12:00,2,1,2020-01-16 12:00,0.0,99.91443157196045,2020-01-17 12:00,0.0,99.79729056358337
2851,2020-01-15 14:00,2,1,2020-01-16 14:00,0.0,99.8948872089386,2020-01-17 14:00,0.0,99.46925640106201
2852,2020-01-15 16:00,1,3,2020-01-16 16:00,0.0,88.30010294914246,2020-01-17 16:00,0.0,99.75165724754333
2853,2020-01-15 17:30,1,2,2020-01-16 17:30,0.0,99.79165196418762,2020-01-17 17:30,0.0,99.82842803001404
2854,2020-01-15 17:30,2,1,2020-01-16 17:30,0.0,99.71117377281189,2020-01-17 17:30,0.0,99.74995255470276
2855,2020-01-21 6:30,1,1,2020-01-22 6:30,0.0,98.96472096443176,2020-01-23 6:30,0.0,99.8542070388794
2856,2020-01-21 8:00,1,3,2020-01-22 8:00,0.0,95.21951079368591,2020-01-23 8:00,0.0,99.72766041755676
2857,2020-01-21 23:30,1,3,2020-01-22 23:30,0.0,98.95657300949097,2020-01-23 23:30,0.0,99.22682642936707
2858,2020-01-22 2:00,1,1,2020-01-23 2:00,0.0,99.87126588821411,2020-01-24 2:00,0.0,99.62741732597351
2859,2020-01-22 10:00,1,2,2020-01-23 10:00,0.0,99.62131381034851,2020-01-24 10:00,0.0,99.70282316207886
2860,2020-01-22 14:00,1,3,2020-01-23 14:00,0.0,99.21502470970154,2020-01-24 14:00,0.0,98.58652949333191
2861,2020-01-22 23:00,1,2,2020-01-23 23:00,0.0,99.08928871154785,2020-01-24 23:00,0.0,99.72767233848572
2862,2020-01-22 23:30,1,2,2020-01-23 23:30,0.0,99.26722645759583,2020-01-24 23:30,0.0,99.71234202384949
2863,2020-01-23 0:00,1,3,2020-01-24 0:00,0.0,99.6605932712555,2020-01-25 0:00,0.0,99.4132399559021
2864,2020-01-23 6:00,1,2,2020-01-24 6:00,0.0,99.15632605552673,2020-01-25 6:00,0.0,99.72767233848572
2865,2020-01-23 10:30,1,3,2020-01-24 10:30,0.0,98.5596239566803,2020-01-25 10:30,0.0,99.00817275047302
2866,2020-01-23 14:00,1,1,2020-01-24 14:00,0.0,99.15368556976318,2020-01-25 14:00,0.0,98.911052942276
2867,2020-01-23 17:00,1,3,2020-01-24 17:00,0.0,99.43065643310547,2020-01-25 17:00,0.0,98.41713905334473
2868,2020-01-24 1:00,1,1,2020-01-25 1:00,0.0,98.60281944274902,2020-01-26 1:00,0.0,99.60794448852539
2869,2020-01-24 2:00,1,2,2020-01-25 2:00,0.0,96.3917076587677,2020-01-26 2:00,0.0,99.46259260177612
2870,2020-01-24 2:00,1,3,2020-01-25 2:00,0.0,99.03619885444641,2020-01-26 2:00,0.0,99.22971725463867
2871,2020-01-24 5:00,1,2,2020-01-25 5:00,0.0,97.81356453895569,2020-01-26 5:00,0.0,99.53251481056213
2872,2020-01-24 8:00,1,1,2020-01-25 8:00,0.0,96.87637686729431,2020-01-26 8:00,0.0,98.88693690299988
2873,2020-01-24 11:30,1,1,2020-01-25 11:30,0.0,99.75873231887817,2020-01-26 11:30,0.0,97.95131087303162
2874,2020-01-24 21:00,1,2,2020-01-25 21:00,0.0,89.69049453735352,2020-01-26 21:00,0.0,99.62970018386841
2875,2020-01-25 4:30,1,2,2020-01-26 4:30,0.0,99.86326694488525,2020-01-27 4:30,0.0,99.17117953300476
2876,2020-01-25 7:30,1,2,2020-01-26 7:30,0.0,99.93196725845337,2020-01-27 7:30,0.0,99.56995844841003
2877,2020-01-25 9:00,1,2,2020-01-26 9:00,0.0,99.67920780181885,2020-01-27 9:00,0.0,99.68968033790588
2878,2020-01-25 13:30,1,2,2020-01-26 13:30,0.0,98.892080783844,2020-01-27 13:30,0.0,99.58875775337219
2879,2020-01-26 9:30,1,2,2020-01-27 9:30,0.0,95.96224427223206,2020-01-28 9:30,0.0,99.13159608840942
2880,2020-01-26 13:30,1,1,2020-01-27 13:30,0.0,97.62377738952637,2020-01-28 13:30,0.0,99.35036897659302
2881,2020-01-26 18:00,1,3,2020-01-27 18:00,0.0,94.37690377235413,2020-01-28 18:00,0.0,99.71468448638916
2882,2020-01-26 20:00,1,3,2020-01-27 20:00,0.0,98.04603457450867,2020-01-28 20:00,0.0,99.3363618850708
2883,2020-01-26 20:30,1,2,2020-01-27 20:30,0.0,90.27806520462036,2020-01-28 20:30,0.0,99.55132007598877
2884,2020-01-27 1:00,1,3,2020-01-28 1:00,0.0,98.5457181930542,2020-01-29 1:00,0.0,98.76405596733093
2885,2020-01-27 6:00,1,3,2020-01-28 6:00,0.0,98.48609566688538,2020-01-29 6:00,0.0,98.880136013031
2886,2020-01-27 7:30,1,3,2020-01-28 7:30,0.0,98.86712431907654,2020-01-29 7:30,0.0,99.08756017684937
2887,2020-01-27 20:00,1,3,2020-01-28 20:00,0.0,98.23173880577087,2020-01-29 20:00,0.0,98.5737681388855
2888,2020-01-28 6:00,1,3,2020-01-29 6:00,0.0,99.35224056243896,2020-01-30 6:00,0.0,98.41458797454834
2889,2020-01-28 9:30,1,2,2020-01-29 9:30,0.0,99.3705689907074,2020-01-30 9:30,0.0,99.23343062400818
2890,2020-01-28 14:30,1,1,2020-01-29 14:30,0.0,99.63809847831726,2020-01-30 14:30,0.0,99.9693751335144
2891,2020-01-28 23:00,1,2,2020-01-29 23:00,0.0,99.77259635925293,2020-01-30 23:00,0.0,99.57010746002197
2892,2020-01-28 23:30,1,3,2020-01-29 23:30,0.0,99.7934103012085,2020-01-30 23:30,0.0,99.65465664863586
2893,2020-01-29 2:00,1,3,2020-01-30 2:00,0.0,99.82452392578125,2020-01-31 2:00,0.0,99.17731881141663
2894,2020-01-29 4:30,1,3,2020-01-30 4:30,0.0,99.75622892379761,2020-01-31 4:30,0.0,98.76610040664673
2895,2020-01-29 11:00,1,2,2020-01-30 11:00,0.0,99.72959160804749,2020-01-31 11:00,0.0,99.84982013702393
2896,2020-01-30 3:30,1,2,2020-01-31 3:30,0.0,99.83696341514587,2020-02-01 3:30,0.0,85.17457246780396
2897,2020-01-30 4:30,1,1,2020-01-31 4:30,0.0,99.86137747764587,2020-02-01 4:30,0.0,99.84551668167114
2898,2020-01-30 7:30,1,2,2020-01-31 7:30,0.0,99.91363286972046,2020-02-01 7:30,0.0,78.94423604011536
2899,2020-01-30 16:00,1,3,2020-01-31 16:00,0.0,99.8612642288208,2020-02-01 16:00,0.0,99.13146495819092
2900,2020-01-30 18:00,1,1,2020-01-31 18:00,0.0,99.95535016059875,2020-02-01 18:00,0.0,99.96001720428467
2901,2020-01-30 19:00,1,3,2020-01-31 19:00,0.0,99.37029480934143,2020-02-01 19:00,0.0,97.26456999778748
2902,2020-01-30 19:30,1,3,2020-01-31 19:30,0.0,99.38834309577942,2020-02-01 19:30,0.0,92.52976179122925
2903,2020-01-31 2:30,1,3,2020-02-01 2:30,0.0,99.73917603492737,2020-02-02 2:30,0.0,92.98138618469238
2904,2020-01-31 11:30,1,2,2020-02-01 11:30,0.0,99.704110622406,2020-02-02 11:30,0.0,99.30372834205627
2905,2020-01-31 17:00,1,2,2020-02-01 17:00,0.0,99.79395270347595,2020-02-02 17:00,0.0,71.60345315933228
2906,2020-02-01 0:30,1,2,2020-02-02 0:30,0.0,98.01260828971863,2020-02-03 0:30,0.0,96.18510603904724
2907,2020-02-01 3:00,1,2,2020-02-02 3:00,0.0,99.4793951511383,2020-02-03 3:00,0.0,95.69278955459595
2908,2020-02-02 0:30,1,3,2020-02-03 0:30,0.0,95.29616832733154,2020-02-04 0:30,0.0,99.32557344436646
2909,2020-02-02 4:00,1,2,2020-02-03 4:00,0.0,98.8424003124237,2020-02-04 4:00,0.0,99.14551377296448
2910,2020-02-02 6:00,1,2,2020-02-03 6:00,0.0,99.62214827537537,2020-02-04 6:00,0.0,98.75268340110779
2911,2020-02-02 7:00,1,1,2020-02-03 7:00,0.0,99.84050393104553,2020-02-04 7:00,0.0,95.22468447685242
2912,2020-02-02 13:30,1,1,2020-02-03 13:30,0.0,99.82734322547913,2020-02-04 13:30,0.0,99.41396713256836
2913,2020-02-02 18:00,1,3,2020-02-03 18:00,0.0,98.7650215625763,2020-02-04 18:00,0.0,99.70770478248596
2914,2020-02-02 23:00,1,3,2020-02-03 23:00,0.0,98.49902987480164,2020-02-04 23:00,0.0,99.46641325950623
2915,2020-02-02 23:30,1,1,2020-02-03 23:30,0.0,99.59931373596191,2020-02-04 23:30,0.0,99.68283176422119
2916,2020-02-03 0:30,1,2,2020-02-04 0:30,0.0,98.75273704528809,2020-02-05 0:30,0.0,99.69731569290161
2917,2020-02-03 1:00,1,1,2020-02-04 1:00,0.0,99.70474243164062,2020-02-05 1:00,0.0,69.47795152664185
2918,2020-02-03 3:00,1,1,2020-02-04 3:00,0.0,99.32867288589478,2020-02-05 3:00,0.0,99.16139245033264
2919,2020-02-03 5:30,1,2,2020-02-04 5:30,0.0,98.16680550575256,2020-02-05 5:30,0.0,99.57675337791443
2920,2020-02-03 12:00,1,2,2020-02-04 12:00,0.0,98.298180103302,2020-02-05 12:00,0.0,99.81986880302429
2921,2020-02-03 13:00,1,1,2020-02-04 13:00,0.0,99.70937967300415,2020-02-05 13:00,0.0,99.8594582080841
2922,2020-02-03 14:30,1,1,2020-02-04 14:30,0.0,99.74785447120667,2020-02-05 14:30,0.0,99.82776641845703
2923,2020-02-03 16:00,1,3,2020-02-04 16:00,0.0,97.4046528339386,2020-02-05 16:00,0.0,99.42993521690369
2924,2020-02-03 19:30,1,2,2020-02-04 19:30,0.0,96.571946144104,2020-02-05 19:30,0.0,99.51037168502808
2925,2020-02-03 20:00,1,3,2020-02-04 20:00,0.0,94.80838179588318,2020-02-05 20:00,0.0,99.69683885574341
2926,2020-02-04 6:00,1,1,2020-02-05 6:00,0.0,98.81813526153564,2020-02-06 6:00,0.0,99.92157816886902
2927,2020-02-04 13:00,1,3,2020-02-05 13:00,0.0,98.2055127620697,2020-02-06 13:00,0.0,99.88203644752502
2928,2020-02-04 18:30,1,1,2020-02-05 18:30,0.0,99.33435320854187,2020-02-06 18:30,0.0,93.70960593223572
2929,2020-02-05 10:30,1,2,2020-02-06 10:30,0.0,99.30333495140076,2020-02-07 10:30,0.0,99.94757771492004
2930,2020-02-05 16:00,1,1,2020-02-06 16:00,0.0,99.57486987113953,2020-02-07 16:00,0.0,99.9325692653656
2931,2020-02-05 17:00,1,2,2020-02-06 17:00,0.0,88.87481093406677,2020-02-07 17:00,0.0,99.82292652130127
2932,2020-02-05 18:30,1,3,2020-02-06 18:30,0.0,92.56099462509155,2020-02-07 18:30,0.0,99.83506202697754
2933,2020-02-05 20:00,1,1,2020-02-06 20:00,0.0,99.8840868473053,2020-02-07 20:00,0.0,99.96625185012817
2934,2020-02-06 3:30,1,1,2020-02-07 3:30,0.0,99.72741603851318,2020-02-08 3:30,0.0,99.79972839355469
2935,2020-02-06 7:00,1,3,2020-02-07 7:00,0.0,99.65711832046509,2020-02-08 7:00,0.0,99.88569021224976
2936,2020-02-06 11:30,1,2,2020-02-07 11:30,0.0,99.90217685699463,2020-02-08 11:30,0.0,99.96147155761719
2937,2020-02-06 12:30,1,2,2020-02-07 12:30,0.0,99.86888766288757,2020-02-08 12:30,0.0,99.95257258415222
2938,2020-02-06 21:30,1,1,2020-02-07 21:30,0.0,99.89404082298279,2020-02-08 21:30,0.0,99.9293565750122
2939,2020-02-07 2:00,1,3,2020-02-08 2:00,0.0,99.5671808719635,2020-02-09 2:00,0.0,96.87582850456238
2940,2020-02-07 9:30,1,1,2020-02-08 9:30,0.0,99.7318983078003,2020-02-09 9:30,0.0,99.85998272895813
2941,2020-02-07 13:30,1,2,2020-02-08 13:30,0.0,99.93932247161865,2020-02-09 13:30,0.0,99.76604580879211
2942,2020-02-07 15:30,2,2,2020-02-08 15:30,0.0,99.44009780883789,2020-02-09 15:30,0.0,94.79537606239319
2943,2020-02-07 23:30,2,3,2020-02-08 23:30,0.0,99.97135996818542,2020-02-09 23:30,0.0,99.94978904724121
2944,2020-02-08 0:30,1,2,2020-02-09 0:30,0.0,99.87502694129944,2020-02-10 0:30,0.0,99.59660172462463
2945,2020-02-08 2:00,1,3,2020-02-09 2:00,0.0,99.2733895778656,2020-02-10 2:00,0.0,98.11280369758606
2946,2020-02-08 3:30,1,2,2020-02-09 3:30,0.0,99.6552586555481,2020-02-10 3:30,0.0,98.93601536750793
2947,2020-02-08 4:00,1,3,2020-02-09 4:00,0.0,98.88331890106201,2020-02-10 4:00,0.0,98.33624362945557
2948,2020-02-08 7:30,1,2,2020-02-09 7:30,0.0,99.53186511993408,2020-02-10 7:30,0.0,99.34268593788147
2949,2020-02-08 9:30,1,3,2020-02-09 9:30,0.0,99.64671730995178,2020-02-10 9:30,0.0,98.22719097137451
2950,2020-02-08 11:30,2,2,2020-02-09 11:30,0.0,99.91544485092163,2020-02-10 11:30,0.0,98.92590641975403
2951,2020-02-08 12:30,2,2,2020-02-09 12:30,0.0,99.91701245307922,2020-02-10 12:30,0.0,97.87081480026245
2952,2020-02-08 17:00,1,3,2020-02-09 17:00,0.0,98.28817248344421,2020-02-10 17:00,0.0,99.73724484443665
2953,2020-02-08 18:00,2,3,2020-02-09 18:00,0.0,99.96889233589172,2020-02-10 18:00,0.0,99.91641640663147
2954,2020-02-08 18:30,2,1,2020-02-09 18:30,0.0,99.91983771324158,2020-02-10 18:30,0.0,99.68220591545105
2955,2020-02-08 23:00,1,2,2020-02-09 23:00,0.0,99.80981349945068,2020-02-10 23:00,0.0,98.80528450012207
2956,2020-02-09 0:00,2,3,2020-02-10 0:00,0.0,99.97328519821167,2020-02-11 0:00,0.0,99.97119903564453
2957,2020-02-09 2:00,1,2,2020-02-10 2:00,0.0,99.70853328704834,2020-02-11 2:00,0.0,99.86016750335693
2958,2020-02-09 17:30,2,1,2020-02-10 17:30,0.0,98.82597923278809,2020-02-11 17:30,0.0,99.49138164520264
2959,2020-02-09 19:30,2,3,2020-02-10 19:30,0.0,99.92525577545166,2020-02-11 19:30,0.0,99.7505784034729
2960,2020-02-09 21:00,1,1,2020-02-10 21:00,0.0,99.8445987701416,2020-02-11 21:00,0.0,99.1839051246643
2961,2020-02-09 22:00,2,1,2020-02-10 22:00,0.0,99.93334412574768,2020-02-11 22:00,0.0,99.4447648525238
2962,2020-02-09 23:00,1,2,2020-02-10 23:00,0.0,99.7260332107544,2020-02-11 23:00,0.0,99.46630001068115
2963,2020-02-09 23:00,2,3,2020-02-10 23:00,0.0,99.97043013572693,2020-02-11 23:00,0.0,99.33130741119385
2964,2020-02-09 23:30,1,3,2020-02-10 23:30,0.0,98.8749086856842,2020-02-11 23:30,0.0,96.17180824279785
2965,2020-02-10 3:00,2,1,2020-02-11 3:00,0.0,99.8558521270752,2020-02-12 3:00,0.0,99.82178807258606
2966,2020-02-10 4:00,1,3,2020-02-11 4:00,0.0,99.36156868934631,2020-02-12 4:00,0.0,99.126136302948
2967,2020-02-10 7:00,2,1,2020-02-11 7:00,0.0,99.94065761566162,2020-02-12 7:00,0.0,99.12673234939575
2968,2020-02-10 8:30,2,1,2020-02-11 8:30,0.0,99.90004897117615,2020-02-12 8:30,0.0,99.64624643325806
2969,2020-02-10 9:30,1,2,2020-02-11 9:30,0.0,99.79159832000732,2020-02-12 9:30,0.0,93.92293691635132
2970,2020-02-10 11:30,2,3,2020-02-11 11:30,0.0,98.9263653755188,2020-02-12 11:30,0.0,99.70638751983643
2971,2020-02-10 12:00,1,3,2020-02-11 12:00,0.0,99.44545030593872,2020-02-12 12:00,0.0,98.72512817382812
2972,2020-02-10 15:00,2,1,2020-02-11 15:00,0.0,99.93152022361755,2020-02-12 15:00,0.0,99.95986223220825
2973,2020-02-10 15:00,1,2,2020-02-11 15:00,0.0,99.19533133506775,2020-02-12 15:00,0.0,99.92002248764038
2974,2020-02-10 15:30,2,1,2020-02-11 15:30,0.0,99.93322491645813,2020-02-12 15:30,0.0,99.94773268699646
2975,2020-02-10 15:30,1,2,2020-02-11 15:30,0.0,99.33741092681885,2020-02-12 15:30,0.0,99.93869662284851
2976,2020-02-10 15:30,2,2,2020-02-11 15:30,0.0,99.9785304069519,2020-02-12 15:30,0.0,99.96212124824524
2977,2020-02-10 16:00,1,1,2020-02-11 16:00,0.0,99.11796450614929,2020-02-12 16:00,0.0,99.92427229881287
2978,2020-02-10 16:00,2,2,2020-02-11 16:00,0.0,99.9785304069519,2020-02-12 16:00,0.0,99.9279260635376
2979,2020-02-10 16:30,1,1,2020-02-11 16:30,0.0,99.11796450614929,2020-02-12 16:30,0.0,99.90684986114502
2980,2020-02-10 16:30,2,1,2020-02-11 16:30,0.0,99.93764162063599,2020-02-12 16:30,0.0,99.90574717521667
2981,2020-02-10 16:30,1,2,2020-02-11 16:30,0.0,99.34795498847961,2020-02-12 16:30,0.0,99.93869662284851
2982,2020-02-10 16:30,1,3,2020-02-11 16:30,0.0,99.43314790725708,2020-02-12 16:30,0.0,99.91685748100281
2983,2020-02-10 17:00,1,1,2020-02-11 17:00,0.0,99.52148795127869,2020-02-12 17:00,0.0,99.9153733253479
2984,2020-02-10 17:30,1,3,2020-02-11 17:30,0.0,99.55317974090576,2020-02-12 17:30,0.0,99.92221593856812
2985,2020-02-10 18:00,1,1,2020-02-11 18:00,0.0,99.50013160705566,2020-02-12 18:00,0.0,99.90960359573364
2986,2020-02-10 18:00,1,3,2020-02-11 18:00,0.0,99.26032423973083,2020-02-12 18:00,0.0,99.85494613647461
2987,2020-02-10 18:30,2,1,2020-02-11 18:30,0.0,99.5719850063324,2020-02-12 18:30,0.0,99.15248155593872
2988,2020-02-10 18:30,1,2,2020-02-11 18:30,0.0,99.28568601608276,2020-02-12 18:30,0.0,99.92253184318542
2989,2020-02-10 18:30,2,2,2020-02-11 18:30,0.0,98.99487495422363,2020-02-12 18:30,0.0,79.11645770072937
2990,2020-02-10 19:00,1,3,2020-02-11 19:00,0.0,99.51834678649902,2020-02-12 19:00,0.0,99.86314177513123
2991,2020-02-10 19:30,2,1,2020-02-11 19:30,0.0,99.46988224983215,2020-02-12 19:30,0.0,98.46365451812744
2992,2020-02-10 19:30,1,2,2020-02-11 19:30,0.0,97.5318968296051,2020-02-12 19:30,0.0,99.5862066745758
2993,2020-02-10 20:30,2,1,2020-02-11 20:30,0.0,99.62753653526306,2020-02-12 20:30,0.0,97.38796949386597
2994,2020-02-10 20:30,1,2,2020-02-11 20:30,0.0,99.3690013885498,2020-02-12 20:30,0.0,99.55751299858093
2995,2020-02-10 20:30,2,2,2020-02-11 20:30,0.0,99.80403184890747,2020-02-12 20:30,0.0,99.20750260353088
2996,2020-02-10 21:00,1,3,2020-02-11 21:00,0.0,99.43345785140991,2020-02-12 21:00,0.0,99.32394623756409
2997,2020-02-10 21:30,2,1,2020-02-11 21:30,0.0,99.8981773853302,2020-02-12 21:30,0.0,99.01111125946045
2998,2020-02-10 21:30,1,2,2020-02-11 21:30,0.0,99.45012331008911,2020-02-12 21:30,0.0,99.5870292186737
2999,2020-02-10 21:30,2,2,2020-02-11 21:30,0.0,99.77076053619385,2020-02-12 21:30,0.0,98.90010952949524
3000,2020-02-10 22:00,2,2,2020-02-11 22:00,0.0,99.75719451904297,2020-02-12 22:00,0.0,98.15671443939209
3001,2020-02-10 22:00,1,3,2020-02-11 22:00,0.0,98.86155128479004,2020-02-12 22:00,0.0,99.20140504837036
3002,2020-02-10 22:30,1,1,2020-02-11 22:30,0.0,99.3382215499878,2020-02-12 22:30,0.0,99.8598039150238
3003,2020-02-10 22:30,2,2,2020-02-11 22:30,0.0,99.74923729896545,2020-02-12 22:30,0.0,97.77412414550781
3004,2020-02-10 22:30,1,3,2020-02-11 22:30,0.0,98.86155128479004,2020-02-12 22:30,0.0,99.20140504837036
3005,2020-02-10 23:30,2,1,2020-02-11 23:30,0.0,99.33115839958191,2020-02-12 23:30,0.0,98.72610569000244
3006,2020-02-10 23:30,1,2,2020-02-11 23:30,0.0,98.96721839904785,2020-02-12 23:30,0.0,99.78606104850769
3007,2020-02-10 23:30,2,2,2020-02-11 23:30,0.0,99.52307343482971,2020-02-12 23:30,0.0,99.45560097694397
3008,2020-02-10 23:30,1,3,2020-02-11 23:30,0.0,98.76495003700256,2020-02-12 23:30,0.0,99.37087893486023
3009,2020-02-11 1:30,1,2,2020-02-12 1:30,0.0,98.64153861999512,2020-02-13 1:30,0.0,99.83229637145996
3010,2020-02-11 5:30,2,2,2020-02-12 5:30,0.0,99.63971972465515,2020-02-13 5:30,0.0,96.29820585250854
3011,2020-02-11 10:00,1,2,2020-02-12 10:00,0.0,97.66198992729187,2020-02-13 10:00,0.0,99.36239719390869
3012,2020-02-11 14:00,1,2,2020-02-12 14:00,0.0,99.62958693504333,2020-02-13 14:00,0.0,99.93227124214172
3013,2020-02-11 14:30,2,3,2020-02-12 14:30,0.0,99.87310767173767,2020-02-13 14:30,0.0,99.92931485176086
3014,2020-02-11 15:00,2,1,2020-02-12 15:00,0.0,99.95457530021667,2020-02-13 15:00,0.0,99.9570369720459
3015,2020-02-11 15:00,1,2,2020-02-12 15:00,0.0,99.71941113471985,2020-02-13 15:00,0.0,99.93200302124023
3016,2020-02-11 15:00,2,2,2020-02-12 15:00,0.0,99.97333884239197,2020-02-13 15:00,0.0,99.94763731956482
3017,2020-02-11 16:00,1,1,2020-02-12 16:00,0.0,99.74359273910522,2020-02-13 16:00,0.0,99.87770915031433
3018,2020-02-11 16:00,2,1,2020-02-12 16:00,0.0,99.95150566101074,2020-02-13 16:00,0.0,99.9322235584259
3019,2020-02-11 16:00,2,2,2020-02-12 16:00,0.0,99.97065663337708,2020-02-13 16:00,0.0,99.94398951530457
3020,2020-02-11 16:30,1,1,2020-02-12 16:30,0.0,99.84734654426575,2020-02-13 16:30,0.0,99.8514175415039
3021,2020-02-11 16:30,2,1,2020-02-12 16:30,0.0,99.95150566101074,2020-02-13 16:30,0.0,99.94296431541443
3022,2020-02-11 16:30,2,2,2020-02-12 16:30,0.0,99.9723732471466,2020-02-13 16:30,0.0,99.95607733726501
3023,2020-02-11 16:30,1,3,2020-02-12 16:30,0.0,99.62310194969177,2020-02-13 16:30,0.0,99.91186261177063
3024,2020-02-11 17:00,1,1,2020-02-12 17:00,0.0,99.8893678188324,2020-02-13 17:00,0.0,99.87581372261047
3025,2020-02-11 17:30,1,2,2020-02-12 17:30,0.0,99.58778619766235,2020-02-13 17:30,0.0,99.93351101875305
3026,2020-02-11 17:30,1,3,2020-02-12 17:30,0.0,99.54352378845215,2020-02-13 17:30,0.0,99.87751841545105
3027,2020-02-11 18:00,1,1,2020-02-12 18:00,0.0,98.82604479789734,2020-02-13 18:00,0.0,99.85204935073853
3028,2020-02-11 18:00,1,3,2020-02-12 18:00,0.0,99.51633810997009,2020-02-13 18:00,0.0,99.91313219070435
3029,2020-02-11 18:30,2,1,2020-02-12 18:30,0.0,99.95110034942627,2020-02-13 18:30,0.0,99.85842108726501
3030,2020-02-11 18:30,2,2,2020-02-12 18:30,0.0,99.98038411140442,2020-02-13 18:30,0.0,99.89070296287537
3031,2020-02-11 19:00,1,3,2020-02-12 19:00,0.0,99.66755509376526,2020-02-13 19:00,0.0,99.93265867233276
3032,2020-02-11 19:30,2,1,2020-02-12 19:30,0.0,99.9231219291687,2020-02-13 19:30,0.0,99.80394840240479
3033,2020-02-11 19:30,1,2,2020-02-12 19:30,0.0,99.29247498512268,2020-02-13 19:30,0.0,99.92117285728455
3034,2020-02-11 19:30,2,2,2020-02-12 19:30,0.0,99.98010993003845,2020-02-13 19:30,0.0,99.94688630104065
3035,2020-02-11 20:00,1,2,2020-02-12 20:00,0.0,99.36944842338562,2020-02-13 20:00,0.0,99.79071021080017
3036,2020-02-11 20:30,2,1,2020-02-12 20:30,0.0,99.83783960342407,2020-02-13 20:30,0.0,99.21266436576843
3037,2020-02-11 20:30,1,2,2020-02-12 20:30,0.0,99.41951632499695,2020-02-13 20:30,0.0,99.91899132728577
3038,2020-02-11 20:30,2,2,2020-02-12 20:30,0.0,99.916011095047,2020-02-13 20:30,0.0,99.51192736625671
3039,2020-02-11 20:30,2,3,2020-02-12 20:30,0.0,99.97663497924805,2020-02-13 20:30,0.0,99.98140931129456
3040,2020-02-11 21:00,2,1,2020-02-12 21:00,0.0,99.87680912017822,2020-02-13 21:00,0.0,99.6324360370636
3041,2020-02-11 21:00,1,2,2020-02-12 21:00,0.0,99.48126077651978,2020-02-13 21:00,0.0,99.92253184318542
3042,2020-02-11 21:00,2,2,2020-02-12 21:00,0.0,99.98010993003845,2020-02-13 21:00,0.0,99.68554377555847
3043,2020-02-11 21:00,1,3,2020-02-12 21:00,0.0,99.61888790130615,2020-02-13 21:00,0.0,99.86288547515869
3044,2020-02-11 22:00,1,3,2020-02-12 22:00,0.0,99.42574501037598,2020-02-13 22:00,0.0,99.87063407897949
3045,2020-02-11 22:30,1,1,2020-02-12 22:30,0.0,99.78535175323486,2020-02-13 22:30,0.0,99.91754293441772
3046,2020-02-11 22:30,1,3,2020-02-12 22:30,0.0,99.59227442741394,2020-02-13 22:30,0.0,99.86288547515869
3047,2020-02-11 23:30,2,1,2020-02-12 23:30,0.0,99.81617331504822,2020-02-13 23:30,0.0,99.49478507041931
3048,2020-02-11 23:30,2,2,2020-02-12 23:30,0.0,99.66598153114319,2020-02-13 23:30,0.0,99.44730997085571
3049,2020-02-11 23:30,1,3,2020-02-12 23:30,0.0,99.66849088668823,2020-02-13 23:30,0.0,99.38421249389648
3050,2020-02-12 0:00,2,1,2020-02-13 0:00,0.0,99.76181983947754,2020-02-14 0:00,0.0,99.44530725479126
3051,2020-02-12 0:00,1,2,2020-02-13 0:00,0.0,99.20336604118347,2020-02-14 0:00,0.0,99.53081607818604
3052,2020-02-12 0:00,2,2,2020-02-13 0:00,0.0,99.61836338043213,2020-02-14 0:00,0.0,99.52492713928223
3053,2020-02-12 0:00,2,3,2020-02-13 0:00,0.0,99.84509944915771,2020-02-14 0:00,0.0,99.98144507408142
3054,2020-02-12 0:30,1,2,2020-02-13 0:30,0.0,99.0888774394989,2020-02-14 0:30,0.0,99.81170296669006
3055,2020-02-12 0:30,1,1,2020-02-13 0:30,0.0,99.77306723594666,2020-02-14 0:30,0.0,99.87775087356567
3056,2020-02-12 1:00,1,2,2020-02-13 1:00,0.0,99.28322434425354,2020-02-14 1:00,0.0,99.61309432983398
3057,2020-02-12 1:00,2,2,2020-02-13 1:00,0.0,99.63568449020386,2020-02-14 1:00,0.0,99.61037039756775
3058,2020-02-12 1:30,1,2,2020-02-13 1:30,0.0,99.17436242103577,2020-02-14 1:30,0.0,99.73069429397583
3059,2020-02-12 1:30,2,1,2020-02-13 1:30,0.0,99.81706738471985,2020-02-14 1:30,0.0,99.66306686401367
3060,2020-02-12 2:00,1,2,2020-02-13 2:00,0.0,98.7537145614624,2020-02-14 2:00,0.0,99.8189628124237
3061,2020-02-12 9:00,2,1,2020-02-13 9:00,0.0,99.52654242515564,2020-02-14 9:00,0.0,99.7767448425293
3062,2020-02-12 11:00,1,3,2020-02-13 11:00,0.0,99.60891604423523,2020-02-14 11:00,0.0,97.97856211662292
3063,2020-02-12 17:00,1,3,2020-02-13 17:00,0.0,99.63701367378235,2020-02-14 17:00,0.0,65.11234045028687
3064,2020-02-13 0:30,2,3,2020-02-14 0:30,0.0,99.91503953933716,2020-02-15 0:30,0.0,99.91142749786377
3065,2020-02-13 3:30,1,2,2020-02-14 3:30,0.0,99.76035952568054,2020-02-15 3:30,0.0,95.76396942138672
3066,2020-02-13 13:00,1,3,2020-02-14 13:00,0.0,99.8148500919342,2020-02-15 13:00,0.0,99.17722940444946
3067,2020-02-13 16:30,1,3,2020-02-14 16:30,0.0,99.68788027763367,2020-02-15 16:30,0.0,99.527108669281
3068,2020-02-13 21:00,1,3,2020-02-14 21:00,0.0,99.77450966835022,2020-02-15 21:00,0.0,99.37916994094849
3069,2020-02-13 22:00,1,3,2020-02-14 22:00,0.0,99.83184337615967,2020-02-15 22:00,0.0,99.24720525741577
3070,2020-02-14 1:00,2,2,2020-02-15 1:00,0.0,98.08546304702759,2020-02-16 1:00,0.0,99.31786060333252
3071,2020-02-14 1:00,1,1,2020-02-15 1:00,0.0,99.80717301368713,2020-02-16 1:00,0.0,99.76799488067627
3072,2020-02-14 3:30,1,2,2020-02-15 3:30,0.0,99.87983107566833,2020-02-16 3:30,0.0,98.99754524230957
3073,2020-02-14 4:00,2,3,2020-02-15 4:00,0.0,99.93662238121033,2020-02-16 4:00,0.0,99.97743368148804
3074,2020-02-14 7:30,1,3,2020-02-15 7:30,0.0,99.76595640182495,2020-02-16 7:30,0.0,87.0481014251709
3075,2020-02-14 8:30,1,3,2020-02-15 8:30,0.0,99.79217052459717,2020-02-16 8:30,0.0,84.05636548995972
3076,2020-02-14 10:00,1,2,2020-02-15 10:00,0.0,99.77368712425232,2020-02-16 10:00,0.0,99.13544058799744
3077,2020-02-14 11:00,1,3,2020-02-15 11:00,0.0,99.72613453865051,2020-02-16 11:00,0.0,99.60778951644897
3078,2020-02-14 13:30,1,1,2020-02-15 13:30,0.0,99.40130114555359,2020-02-16 13:30,0.0,99.96821880340576
3079,2020-02-14 16:30,1,1,2020-02-15 16:30,0.0,99.46290254592896,2020-02-16 16:30,0.0,99.92840886116028
3080,2020-02-14 18:00,1,2,2020-02-15 18:00,0.0,99.55441951751709,2020-02-16 18:00,0.0,99.39650893211365
3081,2020-02-14 20:30,2,2,2020-02-15 20:30,0.0,99.74934458732605,2020-02-16 20:30,0.0,99.67243671417236
3082,2020-02-14 21:30,1,3,2020-02-15 21:30,0.0,97.13554978370667,2020-02-16 21:30,0.0,98.89881014823914
3083,2020-02-14 22:30,1,3,2020-02-15 22:30,0.0,97.13554978370667,2020-02-16 22:30,0.0,97.71462678909302
3084,2020-02-15 1:00,1,1,2020-02-16 1:00,0.0,99.87223148345947,2020-02-17 1:00,0.0,99.91241693496704
3085,2020-02-15 2:00,2,1,2020-02-16 2:00,0.0,99.83521103858948,2020-02-17 2:00,0.0,99.90346431732178
3086,2020-02-15 2:30,1,3,2020-02-16 2:30,0.0,99.40851330757141,2020-02-17 2:30,0.0,97.78129458427429
3087,2020-02-15 5:30,2,1,2020-02-16 5:30,0.0,98.74429106712341,2020-02-17 5:30,0.0,99.3686318397522
3088,2020-02-15 6:00,1,1,2020-02-16 6:00,0.0,99.90972876548767,2020-02-17 6:00,0.0,99.93521571159363
3089,2020-02-15 6:00,1,2,2020-02-16 6:00,0.0,99.85378980636597,2020-02-17 6:00,0.0,98.28856587409973
3090,2020-02-15 10:00,1,2,2020-02-16 10:00,0.0,99.79535341262817,2020-02-17 10:00,0.0,98.8872230052948
3091,2020-02-15 12:30,1,2,2020-02-16 12:30,0.0,99.88597631454468,2020-02-17 12:30,0.0,99.43388104438782
3092,2020-02-15 16:30,2,2,2020-02-16 16:30,0.0,99.72418546676636,2020-02-17 16:30,0.0,99.88231062889099
3093,2020-02-15 20:30,1,1,2020-02-16 20:30,0.0,99.90623593330383,2020-02-17 20:30,0.0,99.90053176879883
3094,2020-02-15 22:00,2,1,2020-02-16 22:00,0.0,99.86118674278259,2020-02-17 22:00,0.0,99.94954466819763
3095,2020-02-15 23:00,2,2,2020-02-16 23:00,0.0,99.76611137390137,2020-02-17 23:00,0.0,99.79866743087769
3096,2020-02-16 1:00,2,2,2020-02-17 1:00,0.0,99.66182112693787,2020-02-18 1:00,0.0,99.78247880935669
3097,2020-02-16 4:30,1,3,2020-02-17 4:30,0.0,97.00695872306824,2020-02-18 4:30,0.0,87.87753582000732
3098,2020-02-16 5:00,2,3,2020-02-17 5:00,0.0,99.96634125709534,2020-02-18 5:00,0.0,99.97946619987488
3099,2020-02-16 5:00,1,1,2020-02-17 5:00,0.0,99.8361349105835,2020-02-18 5:00,0.0,98.40123057365417
3100,2020-02-16 6:30,1,2,2020-02-17 6:30,0.0,99.8587965965271,2020-02-18 6:30,0.0,86.93861961364746
3101,2020-02-16 7:30,1,2,2020-02-17 7:30,0.0,99.81153011322021,2020-02-18 7:30,0.0,91.51170253753662
3102,2020-02-16 9:30,1,2,2020-02-17 9:30,0.0,99.788898229599,2020-02-18 9:30,0.0,99.29431080818176
3103,2020-02-16 16:30,1,2,2020-02-17 16:30,0.0,99.54835772514343,2020-02-18 16:30,0.0,98.77071380615234
3104,2020-02-16 16:30,2,2,2020-02-17 16:30,0.0,99.4263231754303,2020-02-18 16:30,0.0,99.63846206665039
3105,2020-02-16 19:00,1,2,2020-02-17 19:00,0.0,94.58804130554199,2020-02-18 19:00,0.0,97.41824865341187
3106,2020-02-16 20:30,2,3,2020-02-17 20:30,0.0,99.93805885314941,2020-02-18 20:30,0.0,99.92112517356873
3107,2020-02-16 22:00,2,3,2020-02-17 22:00,0.0,99.93576407432556,2020-02-18 22:00,0.0,99.91390109062195
3108,2020-02-16 22:00,2,2,2020-02-17 22:00,0.0,99.42765235900879,2020-02-18 22:00,0.0,99.74144697189331
3109,2020-02-16 22:30,2,1,2020-02-17 22:30,0.0,99.30234551429749,2020-02-18 22:30,0.0,99.85067844390869
3110,2020-02-17 0:00,2,2,2020-02-18 0:00,0.0,99.36695098876953,2020-02-19 0:00,0.0,99.8434841632843
3111,2020-02-17 1:30,2,1,2020-02-18 1:30,0.0,99.34507608413696,2020-02-19 1:30,0.0,99.8300850391388
3112,2020-02-17 8:30,1,3,2020-02-18 8:30,0.0,98.68273138999939,2020-02-19 8:30,0.0,99.39442276954651
3113,2020-02-17 9:00,2,2,2020-02-18 9:00,0.0,99.79971051216125,2020-02-19 9:00,0.0,99.90032315254211
3114,2020-02-17 11:00,2,1,2020-02-18 11:00,0.0,99.51936602592468,2020-02-19 11:00,0.0,99.8209536075592
3115,2020-02-17 12:30,2,2,2020-02-18 12:30,0.0,99.63160753250122,2020-02-19 12:30,0.0,99.86729025840759
3116,2020-02-17 19:30,1,2,2020-02-18 19:30,0.0,99.40144419670105,2020-02-19 19:30,0.0,99.79334473609924
3117,2020-02-18 0:30,2,1,2020-02-19 0:30,0.0,99.82766509056091,2020-02-20 0:30,0.0,99.9322772026062
3118,2020-02-18 5:30,1,2,2020-02-19 5:30,0.0,97.25978970527649,2020-02-20 5:30,0.0,99.81880187988281
3119,2020-02-18 8:30,2,3,2020-02-19 8:30,0.0,99.86795783042908,2020-02-20 8:30,0.0,99.96640682220459
3120,2020-02-18 8:30,1,3,2020-02-19 8:30,0.0,98.38979244232178,2020-02-20 8:30,0.0,99.73462224006653
3121,2020-02-18 9:30,2,2,2020-02-19 9:30,0.0,99.96949434280396,2020-02-20 9:30,0.0,99.94909763336182
3122,2020-02-18 10:30,2,3,2020-02-19 10:30,0.0,99.98100996017456,2020-02-20 10:30,0.0,99.9799370765686
3123,2020-02-18 12:00,2,1,2020-02-19 12:00,0.0,99.94845986366272,2020-02-20 12:00,0.0,99.92534518241882
3124,2020-02-18 13:00,2,1,2020-02-19 13:00,0.0,99.89932179450989,2020-02-20 13:00,0.0,99.91897940635681
3125,2020-02-18 14:00,1,1,2020-02-19 14:00,0.0,99.9354600906372,2020-02-20 14:00,0.0,99.95992183685303
3126,2020-02-18 15:00,1,2,2020-02-19 15:00,0.0,98.97369742393494,2020-02-20 15:00,0.0,99.92055892944336
3127,2020-02-18 16:30,2,3,2020-02-19 16:30,0.0,99.96889233589172,2020-02-20 16:30,0.0,99.90694522857666
3128,2020-02-18 17:30,1,1,2020-02-19 17:30,0.0,99.93135929107666,2020-02-20 17:30,0.0,99.92430806159973
3129,2020-02-18 20:30,2,1,2020-02-19 20:30,0.0,98.90159368515015,2020-02-20 20:30,0.0,99.94021654129028
3130,2020-02-18 23:30,1,3,2020-02-19 23:30,0.0,97.82984256744385,2020-02-20 23:30,0.0,99.6766746044159
3131,2020-02-19 0:30,1,2,2020-02-20 0:30,0.0,98.9500105381012,2020-02-21 0:30,0.0,99.40153360366821
3132,2020-02-19 1:00,1,2,2020-02-20 1:00,0.0,98.9386260509491,2020-02-21 1:00,0.0,99.31823015213013
3133,2020-02-19 2:00,1,3,2020-02-20 2:00,0.0,98.1785237789154,2020-02-21 2:00,0.0,98.93653392791748
3134,2020-02-19 4:00,2,1,2020-02-20 4:00,0.0,97.8547751903534,2020-02-21 4:00,0.0,99.86947774887085
3135,2020-02-19 7:00,2,1,2020-02-20 7:00,0.0,94.24896836280823,2020-02-21 7:00,0.0,99.88102316856384
3136,2020-02-19 8:00,1,1,2020-02-20 8:00,0.0,99.76145625114441,2020-02-21 8:00,0.0,99.75157380104065
3137,2020-02-19 9:30,1,3,2020-02-20 9:30,0.0,99.04865622520447,2020-02-21 9:30,0.0,98.77294898033142
3138,2020-02-19 12:30,2,1,2020-02-20 12:30,0.0,98.908931016922,2020-02-21 12:30,0.0,99.59408640861511
3139,2020-02-19 14:30,2,1,2020-02-20 14:30,0.0,99.07873272895813,2020-02-21 14:30,0.0,98.70898127555847
3140,2020-02-19 15:00,1,3,2020-02-20 15:00,0.0,98.85207414627075,2020-02-21 15:00,0.0,98.935467004776
3141,2020-02-19 17:30,2,1,2020-02-20 17:30,0.0,99.83224272727966,2020-02-21 17:30,0.0,97.0672607421875
3142,2020-02-19 19:00,1,1,2020-02-20 19:00,0.0,99.83347654342651,2020-02-21 19:00,0.0,99.66598749160767
3143,2020-02-20 0:30,2,2,2020-02-21 0:30,0.0,99.68178272247314,2020-02-22 0:30,0.0,99.82191920280457
3144,2020-02-20 1:00,1,2,2020-02-21 1:00,0.0,99.87199902534485,2020-02-22 1:00,0.0,98.76729249954224
3145,2020-02-20 1:30,1,1,2020-02-21 1:30,0.0,99.91690516471863,2020-02-22 1:30,0.0,99.71351027488708
3146,2020-02-20 1:30,1,2,2020-02-21 1:30,0.0,99.93833303451538,2020-02-22 1:30,0.0,97.92340397834778
3147,2020-02-20 1:30,2,2,2020-02-21 1:30,0.0,99.76970553398132,2020-02-22 1:30,0.0,99.74364638328552
3148,2020-02-20 2:00,1,2,2020-02-21 2:00,0.0,99.93460178375244,2020-02-22 2:00,0.0,96.47440910339355
3149,2020-02-20 2:00,2,2,2020-02-21 2:00,0.0,99.82398748397827,2020-02-22 2:00,0.0,99.82311129570007
3150,2020-02-20 3:30,1,3,2020-02-21 3:30,0.0,99.69274401664734,2020-02-22 3:30,0.0,97.10261821746826
3151,2020-02-20 5:30,1,3,2020-02-21 5:30,0.0,99.60181713104248,2020-02-22 5:30,0.0,99.43929314613342
3152,2020-02-20 10:00,1,3,2020-02-21 10:00,0.0,99.53811764717102,2020-02-22 10:00,0.0,98.24262857437134
3153,2020-02-20 16:00,2,2,2020-02-21 16:00,0.0,99.43795800209045,2020-02-22 16:00,0.0,94.5782721042633
3154,2020-02-20 17:00,2,3,2020-02-21 17:00,0.0,99.90549087524414,2020-02-22 17:00,0.0,99.89886283874512
3155,2020-02-20 17:30,2,2,2020-02-21 17:30,0.0,98.1607735157013,2020-02-22 17:30,0.0,98.52258563041687
3156,2020-02-20 18:00,1,3,2020-02-21 18:00,0.0,99.68664050102234,2020-02-22 18:00,0.0,98.92687201499939
3157,2020-02-20 18:00,2,2,2020-02-21 18:00,0.0,98.13144207000732,2020-02-22 18:00,0.0,98.95744919776917
3158,2020-02-20 19:30,1,2,2020-02-21 19:30,0.0,99.63021874427795,2020-02-22 19:30,0.0,97.5301742553711
3159,2020-02-20 21:00,2,2,2020-02-21 21:00,0.0,99.49601292610168,2020-02-22 21:00,0.0,99.77598786354065
3160,2020-02-20 21:00,1,2,2020-02-21 21:00,0.0,99.75432753562927,2020-02-22 21:00,0.0,99.02738332748413
3161,2020-02-20 21:30,1,1,2020-02-21 21:30,0.0,97.5858986377716,2020-02-22 21:30,0.0,99.5090663433075
3162,2020-02-20 22:00,1,2,2020-02-21 22:00,0.0,99.7044324874878,2020-02-22 22:00,0.0,99.0379810333252
3163,2020-02-21 0:30,2,2,2020-02-22 0:30,0.0,99.88641738891602,2020-02-23 0:30,0.0,99.91145730018616
3164,2020-02-21 1:30,1,1,2020-02-22 1:30,0.0,99.44860935211182,2020-02-23 1:30,0.0,99.77999925613403
3165,2020-02-21 1:30,1,2,2020-02-22 1:30,0.0,99.8260498046875,2020-02-23 1:30,0.0,98.91495704650879
3166,2020-02-21 1:30,2,2,2020-02-22 1:30,0.0,99.88641738891602,2020-02-23 1:30,0.0,99.91145730018616
3167,2020-02-21 2:00,1,2,2020-02-22 2:00,0.0,99.81843829154968,2020-02-23 2:00,0.0,99.05015230178833
3168,2020-02-21 2:00,2,2,2020-02-22 2:00,0.0,99.88641738891602,2020-02-23 2:00,0.0,99.90889430046082
3169,2020-02-21 2:00,1,1,2020-02-22 2:00,0.0,99.50178861618042,2020-02-23 2:00,0.0,99.82432126998901
3170,2020-02-21 3:30,1,1,2020-02-22 3:30,0.0,99.83993172645569,2020-02-23 3:30,0.0,99.80170130729675
3171,2020-02-21 4:00,2,1,2020-02-22 4:00,0.0,99.81303811073303,2020-02-23 4:00,0.0,99.90938901901245
3172,2020-02-21 4:30,2,1,2020-02-22 4:30,0.0,99.82350468635559,2020-02-23 4:30,0.0,99.90652799606323
3173,2020-02-21 6:30,1,3,2020-02-22 6:30,0.0,99.62135553359985,2020-02-23 6:30,0.0,98.27638268470764
3174,2020-02-21 9:00,1,3,2020-02-22 9:00,0.0,99.66356754302979,2020-02-23 9:00,0.0,98.44331741333008
3175,2020-02-21 9:00,1,2,2020-02-22 9:00,0.0,99.67452883720398,2020-02-23 9:00,0.0,99.10383820533752
3176,2020-02-21 11:30,1,3,2020-02-22 11:30,0.0,99.70318675041199,2020-02-23 11:30,0.0,98.33679795265198
3177,2020-02-21 13:30,1,1,2020-02-22 13:30,0.0,90.56674838066101,2020-02-23 13:30,0.0,99.15727972984314
3178,2020-02-21 18:00,2,3,2020-02-22 18:00,0.0,99.78528618812561,2020-02-23 18:00,0.0,99.83988404273987
3179,2020-02-21 23:00,2,3,2020-02-22 23:00,0.0,99.94800686836243,2020-02-23 23:00,0.0,99.93566870689392
3180,2020-02-22 0:00,2,3,2020-02-23 0:00,0.0,99.94800686836243,2020-02-24 0:00,0.0,99.93566870689392
3181,2020-02-22 0:30,1,2,2020-02-23 0:30,0.0,98.9109992980957,2020-02-24 0:30,0.0,87.1468186378479
3182,2020-02-22 1:30,2,3,2020-02-23 1:30,0.0,99.93029832839966,2020-02-24 1:30,0.0,99.91142749786377
3183,2020-02-22 1:30,1,3,2020-02-23 1:30,0.0,99.42717552185059,2020-02-24 1:30,0.0,71.80732488632202
3184,2020-02-22 3:30,1,3,2020-02-23 3:30,0.0,99.80167746543884,2020-02-24 3:30,0.0,98.88048768043518
3185,2020-02-22 4:30,1,1,2020-02-23 4:30,0.0,99.51978921890259,2020-02-24 4:30,0.0,97.85831570625305
3186,2020-02-22 8:30,1,1,2020-02-23 8:30,0.0,99.3106484413147,2020-02-24 8:30,0.0,99.2272675037384
3187,2020-02-22 8:30,2,3,2020-02-23 8:30,0.0,97.64793515205383,2020-02-24 8:30,0.0,99.92467761039734
3188,2020-02-22 10:00,1,3,2020-02-23 10:00,0.0,99.16101694107056,2020-02-24 10:00,0.0,99.07565712928772
3189,2020-02-22 14:30,2,1,2020-02-23 14:30,0.0,99.6160626411438,2020-02-24 14:30,0.0,99.06668663024902
3190,2020-02-22 20:00,1,3,2020-02-23 20:00,0.0,99.84225034713745,2020-02-24 20:00,0.0,96.13812565803528
3191,2020-02-22 21:00,1,3,2020-02-23 21:00,0.0,99.84225034713745,2020-02-24 21:00,0.0,95.9234893321991
3192,2020-02-22 23:30,1,2,2020-02-23 23:30,0.0,99.41495060920715,2020-02-24 23:30,0.0,87.81943321228027
3193,2020-02-23 0:30,1,2,2020-02-24 0:30,0.0,99.43978190422058,2020-02-25 0:30,0.0,75.3893494606018
3194,2020-02-23 6:00,2,1,2020-02-24 6:00,0.0,99.70000386238098,2020-02-25 6:00,0.0,99.82367157936096
3195,2020-02-23 9:00,1,1,2020-02-24 9:00,0.0,99.75997805595398,2020-02-25 9:00,0.0,99.78770017623901
3196,2020-02-23 13:30,1,3,2020-02-24 13:30,0.0,99.86975193023682,2020-02-25 13:30,0.0,99.91269111633301
3197,2020-02-23 14:00,1,1,2020-02-24 14:00,0.0,99.8045265674591,2020-02-25 14:00,0.0,99.89789724349976
3198,2020-02-23 18:00,2,2,2020-02-24 18:00,0.0,99.22070503234863,2020-02-25 18:00,0.0,99.72527623176575
3199,2020-02-23 18:30,2,2,2020-02-24 18:30,0.0,98.51472973823547,2020-02-25 18:30,0.0,99.37322735786438
3200,2020-02-23 22:00,2,2,2020-02-24 22:00,0.0,99.71499443054199,2020-02-25 22:00,0.0,99.59254264831543
3201,2020-02-23 23:30,1,3,2020-02-24 23:30,0.0,84.81546640396118,2020-02-25 23:30,0.0,99.18551445007324
3202,2020-02-24 2:00,1,2,2020-02-25 2:00,0.0,99.13719296455383,2020-02-26 2:00,0.0,99.4063675403595
3203,2020-02-24 4:30,2,3,2020-02-25 4:30,0.0,99.97780919075012,2020-02-26 4:30,0.0,99.81099963188171
3204,2020-02-24 7:00,2,1,2020-02-25 7:00,0.0,99.70158338546753,2020-02-26 7:00,0.0,99.70462322235107
3205,2020-02-24 8:00,2,3,2020-02-25 8:00,0.0,99.96468424797058,2020-02-26 8:00,0.0,99.89268779754639
3206,2020-02-24 9:30,1,1,2020-02-25 9:30,0.0,99.57702159881592,2020-02-26 9:30,0.0,68.31729412078857
3207,2020-02-24 11:30,2,3,2020-02-25 11:30,0.0,99.84577298164368,2020-02-26 11:30,0.0,99.97519850730896
3208,2020-02-24 16:00,1,1,2020-02-25 16:00,0.0,99.48830604553223,2020-02-26 16:00,0.0,99.80611205101013
3209,2020-02-25 0:30,1,3,2020-02-26 0:30,0.0,99.81353878974915,2020-02-27 0:30,0.0,99.53637719154358
3210,2020-02-25 2:30,1,2,2020-02-26 2:30,0.0,99.77007508277893,2020-02-27 2:30,0.0,98.93537759780884
3211,2020-02-25 3:00,2,3,2020-02-26 3:00,0.0,99.91523027420044,2020-02-27 3:00,0.0,99.96880888938904
3212,2020-02-25 4:00,2,1,2020-02-26 4:00,0.0,99.82147812843323,2020-02-27 4:00,0.0,99.91110563278198
3213,2020-02-25 4:30,2,3,2020-02-26 4:30,0.0,99.96538758277893,2020-02-27 4:30,0.0,99.9309778213501
3214,2020-02-25 7:00,2,1,2020-02-26 7:00,0.0,99.52685236930847,2020-02-27 7:00,0.0,99.8929500579834
3215,2020-02-25 8:00,1,2,2020-02-26 8:00,0.0,99.83768463134766,2020-02-27 8:00,0.0,91.9975757598877
3216,2020-02-25 10:00,2,2,2020-02-26 10:00,0.0,99.76441264152527,2020-02-27 10:00,0.0,99.4342029094696
3217,2020-02-25 10:30,2,3,2020-02-26 10:30,0.0,99.96538758277893,2020-02-27 10:30,0.0,99.94004964828491
3218,2020-02-25 12:00,1,2,2020-02-26 12:00,0.0,99.8152494430542,2020-02-27 12:00,0.0,78.14148664474487
3219,2020-02-25 13:00,2,3,2020-02-26 13:00,0.0,99.96538758277893,2020-02-27 13:00,0.0,99.91545081138611
3220,2020-02-25 14:30,2,3,2020-02-26 14:30,0.0,99.85831379890442,2020-02-27 14:30,0.0,99.91957545280457
3221,2020-02-25 19:00,1,1,2020-02-26 19:00,0.0,99.50290322303772,2020-02-27 19:00,0.0,99.90149140357971
3222,2020-02-25 20:30,1,1,2020-02-26 20:30,0.0,99.79208707809448,2020-02-27 20:30,0.0,99.90873336791992
3223,2020-02-25 21:00,1,1,2020-02-26 21:00,0.0,99.76712465286255,2020-02-27 21:00,0.0,99.91472959518433
3224,2020-02-25 21:30,2,2,2020-02-26 21:30,0.0,99.73410367965698,2020-02-27 21:30,0.0,99.65224266052246
3225,2020-02-26 0:00,1,3,2020-02-27 0:00,0.0,99.53265190124512,2020-02-28 0:00,0.0,99.55264925956726
3226,2020-02-26 4:00,1,2,2020-02-27 4:00,0.0,99.59654808044434,2020-02-28 4:00,0.0,99.22479391098022
3227,2020-02-26 4:30,2,3,2020-02-27 4:30,0.0,99.97590780258179,2020-02-28 4:30,0.0,99.98075366020203
3228,2020-02-26 5:00,1,3,2020-02-27 5:00,0.0,98.9990234375,2020-02-28 5:00,0.0,99.36292767524719
3229,2020-02-26 6:00,2,2,2020-02-27 6:00,0.0,99.69502687454224,2020-02-28 6:00,0.0,98.73349070549011
3230,2020-02-26 6:00,1,1,2020-02-27 6:00,0.0,99.66217279434204,2020-02-28 6:00,0.0,99.94571208953857
3231,2020-02-26 10:00,2,3,2020-02-27 10:00,0.0,99.22480583190918,2020-02-28 10:00,0.0,99.89079236984253
3232,2020-02-26 20:00,2,3,2020-02-27 20:00,0.0,91.31665229797363,2020-02-28 20:00,0.0,99.95368123054504
3233,2020-02-26 22:00,2,2,2020-02-27 22:00,0.0,99.18296933174133,2020-02-28 22:00,0.0,99.39634203910828
3234,2020-02-26 23:30,2,3,2020-02-27 23:30,0.0,99.96428489685059,2020-02-28 23:30,0.0,99.98056292533875
3235,2020-02-27 0:00,1,2,2020-02-28 0:00,0.0,99.82627630233765,2020-02-29 0:00,0.0,99.47907328605652
3236,2020-02-27 1:30,1,2,2020-02-28 1:30,0.0,99.75407123565674,2020-02-29 1:30,0.0,99.55552220344543
3237,2020-02-27 5:00,2,2,2020-02-28 5:00,0.0,99.69080090522766,2020-02-29 5:00,0.0,99.17416572570801
3238,2020-02-27 8:00,2,2,2020-02-28 8:00,0.0,99.7100830078125,2020-02-29 8:00,0.0,99.26003813743591
3239,2020-02-27 12:30,1,3,2020-02-28 12:30,0.0,99.79895949363708,2020-02-29 12:30,0.0,99.8023271560669
3240,2020-02-27 13:00,1,3,2020-02-28 13:00,0.0,99.85780715942383,2020-02-29 13:00,0.0,99.7002899646759
3241,2020-02-27 14:30,1,3,2020-02-28 14:30,0.0,99.75348711013794,2020-02-29 14:30,0.0,99.84704852104187
3242,2020-02-27 15:30,2,1,2020-02-28 15:30,0.0,99.2036521434784,2020-02-29 15:30,0.0,99.79268312454224
3243,2020-02-27 16:30,1,3,2020-02-28 16:30,0.0,99.72884058952332,2020-02-29 16:30,0.0,99.76945519447327
3244,2020-02-27 23:00,1,1,2020-02-28 23:00,0.0,99.92976784706116,2020-02-29 23:00,0.0,99.35224056243896
3245,2020-02-28 0:30,2,1,2020-02-29 0:30,0.0,95.24524211883545,2020-03-01 0:30,0.0,99.30729269981384
3246,2020-02-28 1:00,2,3,2020-02-29 1:00,0.0,99.93571639060974,2020-03-01 1:00,0.0,99.97602105140686
3247,2020-02-28 3:00,2,2,2020-02-29 3:00,0.0,99.65210556983948,2020-03-01 3:00,0.0,98.85558485984802
3248,2020-02-28 6:30,1,1,2020-02-29 6:30,0.0,99.90679621696472,2020-03-01 6:30,0.0,99.87483620643616
3249,2020-02-28 8:00,2,1,2020-02-29 8:00,0.0,98.38019013404846,2020-03-01 8:00,0.0,99.55835938453674
3250,2020-02-28 9:30,2,1,2020-02-29 9:30,0.0,99.71951842308044,2020-03-01 9:30,0.0,99.84768033027649
3251,2020-02-28 13:30,2,1,2020-02-29 13:30,0.0,99.5429277420044,2020-03-01 13:30,0.0,99.70440864562988
3252,2020-02-28 19:00,2,2,2020-02-29 19:00,0.0,99.76611137390137,2020-03-01 19:00,0.0,99.78455901145935
3253,2020-02-29 2:00,2,3,2020-03-01 2:00,0.0,99.9666154384613,2020-03-02 2:00,0.0,99.96944069862366
3254,2020-02-29 2:30,2,1,2020-03-01 2:30,0.0,99.82147812843323,2020-03-02 2:30,0.0,99.837327003479
3255,2020-02-29 3:30,2,3,2020-03-01 3:30,0.0,99.96538758277893,2020-03-02 3:30,0.0,99.97743368148804
3256,2020-02-29 9:30,1,3,2020-03-01 9:30,0.0,99.74038004875183,2020-03-02 9:30,0.0,98.61687421798706
3257,2020-02-29 15:30,1,1,2020-03-01 15:30,0.0,99.92736577987671,2020-03-02 15:30,0.0,99.97589588165283
3258,2020-02-29 17:30,1,2,2020-03-01 17:30,0.0,98.99703860282898,2020-03-02 17:30,0.0,99.85000491142273
3259,2020-02-29 22:30,2,1,2020-03-01 22:30,0.0,99.72482323646545,2020-03-02 22:30,0.0,99.91797804832458
3260,2020-02-29 23:00,1,1,2020-03-01 23:00,0.0,99.90972876548767,2020-03-02 23:00,0.0,99.91321563720703
3261,2020-03-01 5:30,2,2,2020-03-02 5:30,0.0,99.80502724647522,2020-03-03 5:30,0.0,99.69362020492554
3262,2020-03-01 8:00,1,3,2020-03-02 8:00,0.0,99.49610829353333,2020-03-03 8:00,1.0,76.52186751365662
3263,2020-03-01 16:00,1,1,2020-03-02 16:00,0.0,99.8039186000824,2020-03-03 16:00,0.0,99.91079568862915
3264,2020-03-01 17:30,2,2,2020-03-02 17:30,0.0,99.63306784629822,2020-03-03 17:30,0.0,99.82997179031372
3265,2020-03-01 20:00,2,3,2020-03-02 20:00,0.0,99.94252324104309,2020-03-03 20:00,0.0,99.97602105140686
3266,2020-03-01 22:30,1,3,2020-03-02 22:30,0.0,99.46730732917786,2020-03-03 22:30,0.0,99.5372474193573
3267,2020-03-02 5:00,2,3,2020-03-03 5:00,0.0,99.97917413711548,2020-03-04 5:00,0.0,99.98116493225098
3268,2020-03-02 6:30,2,3,2020-03-03 6:30,0.0,99.97780919075012,2020-03-04 6:30,0.0,99.97960329055786
3269,2020-03-02 7:00,2,3,2020-03-03 7:00,0.0,99.97780919075012,2020-03-04 7:00,0.0,99.97960329055786
3270,2020-03-02 8:30,1,3,2020-03-03 8:30,0.0,99.8237669467926,2020-03-04 8:30,1.0,68.64848732948303
3271,2020-03-02 10:00,2,2,2020-03-03 10:00,0.0,99.95695948600769,2020-03-04 10:00,0.0,99.36108589172363
3272,2020-03-02 11:30,2,1,2020-03-03 11:30,0.0,99.8949408531189,2020-03-04 11:30,0.0,99.58691596984863
3273,2020-03-02 16:00,2,1,2020-03-03 16:00,0.0,99.93982911109924,2020-03-04 16:00,0.0,99.69805479049683
3274,2020-03-02 20:00,1,1,2020-03-03 20:00,0.0,99.7815489768982,2020-03-04 20:00,0.0,98.52375388145447
3275,2020-03-02 21:00,1,3,2020-03-03 21:00,0.0,99.4873046875,2020-03-04 21:00,0.0,99.2866575717926
3276,2020-03-03 0:30,2,1,2020-03-04 0:30,0.0,99.3915319442749,2020-03-05 0:30,0.0,99.60756301879883
3277,2020-03-03 1:30,1,2,2020-03-04 1:30,0.0,99.80358481407166,2020-03-05 1:30,0.0,98.7107515335083
3278,2020-03-03 1:30,2,3,2020-03-04 1:30,0.0,99.95578527450562,2020-03-05 1:30,0.0,99.98056292533875
3279,2020-03-03 4:00,1,3,2020-03-04 4:00,0.0,99.50003027915955,2020-03-05 4:00,0.0,96.11731171607971
3280,2020-03-03 5:00,2,2,2020-03-04 5:00,0.0,98.1713593006134,2020-03-05 5:00,0.0,97.3828375339508
3281,2020-03-03 11:00,2,1,2020-03-04 11:00,0.0,99.40915107727051,2020-03-05 11:00,0.0,98.86177182197571
3282,2020-03-03 14:00,2,2,2020-03-04 14:00,0.0,99.70619082450867,2020-03-05 14:00,0.0,99.44129586219788
3283,2020-03-03 15:00,1,1,2020-03-04 15:00,0.0,99.58265423774719,2020-03-05 15:00,0.0,99.96302127838135
3284,2020-03-03 18:30,1,3,2020-03-04 18:30,0.0,99.52393770217896,2020-03-05 18:30,0.0,99.76353645324707
3285,2020-03-03 20:00,2,2,2020-03-04 20:00,0.0,99.49836134910583,2020-03-05 20:00,0.0,99.45979714393616
3286,2020-03-03 21:00,2,3,2020-03-04 21:00,0.0,99.850594997406,2020-03-05 21:00,0.0,99.97602105140686
3287,2020-03-03 22:00,2,1,2020-03-04 22:00,0.0,94.16605830192566,2020-03-05 22:00,0.0,98.52418899536133
3288,2020-03-03 22:30,1,3,2020-03-04 22:30,0.0,99.55922961235046,2020-03-05 22:30,0.0,99.20521974563599
3289,2020-03-03 23:00,2,1,2020-03-04 23:00,0.0,97.30066061019897,2020-03-05 23:00,0.0,96.45565152168274
3290,2020-03-04 0:30,1,3,2020-03-05 0:30,0.0,99.35934543609619,2020-03-06 0:30,0.0,96.87321782112122
3291,2020-03-04 6:00,1,3,2020-03-05 6:00,0.0,99.30137395858765,2020-03-06 6:00,0.0,88.48285675048828
3292,2020-03-04 10:00,2,3,2020-03-05 10:00,0.0,99.9568223953247,2020-03-06 10:00,0.0,99.97488856315613
3293,2020-03-04 11:00,1,3,2020-03-05 11:00,0.0,99.71089959144592,2020-03-06 11:00,0.0,99.78967905044556
3294,2020-03-04 13:30,1,1,2020-03-05 13:30,0.0,99.73201751708984,2020-03-06 13:30,0.0,99.89067912101746
3295,2020-03-04 17:30,1,1,2020-03-05 17:30,0.0,99.8424232006073,2020-03-06 17:30,0.0,74.11229014396667
3296,2020-03-04 17:30,2,3,2020-03-05 17:30,0.0,99.98105764389038,2020-03-06 17:30,0.0,99.96665716171265
3297,2020-03-05 2:30,1,3,2020-03-06 2:30,0.0,99.17011260986328,2020-03-07 2:30,0.0,99.654620885849
3298,2020-03-05 4:00,2,2,2020-03-06 4:00,0.0,99.5509386062622,2020-03-07 4:00,0.0,99.6347188949585
3299,2020-03-05 6:30,1,1,2020-03-06 6:30,0.0,99.79379177093506,2020-03-07 6:30,0.0,93.91055703163147
3300,2020-03-05 7:30,1,1,2020-03-06 7:30,0.0,99.34316873550415,2020-03-07 7:30,0.0,92.29945540428162
3301,2020-03-05 8:00,1,2,2020-03-06 8:00,0.0,98.98808002471924,2020-03-07 8:00,0.0,99.52110052108765
3302,2020-03-05 9:00,2,3,2020-03-06 9:00,0.0,99.85477328300476,2020-03-07 9:00,0.0,99.96613264083862
3303,2020-03-05 23:30,1,3,2020-03-06 23:30,0.0,95.68988680839539,2020-03-07 23:30,0.0,99.64367747306824
3304,2020-03-06 0:00,1,1,2020-03-07 0:00,0.0,99.3541419506073,2020-03-08 0:00,0.0,99.8875379562378
3305,2020-03-06 1:30,1,3,2020-03-07 1:30,0.0,98.8872766494751,2020-03-08 1:30,0.0,99.31215643882751
3306,2020-03-06 7:00,2,3,2020-03-07 7:00,0.0,99.90348815917969,2020-03-08 7:00,0.0,99.36415553092957
3307,2020-03-06 8:30,2,3,2020-03-07 8:30,0.0,99.94145631790161,2020-03-08 8:30,0.0,99.87190961837769
3308,2020-03-06 10:00,2,2,2020-03-07 10:00,0.0,99.93242025375366,2020-03-08 10:00,0.0,99.89031553268433
3309,2020-03-06 11:00,2,1,2020-03-07 11:00,0.0,99.86162781715393,2020-03-08 11:00,0.0,99.74864721298218
3310,2020-03-06 12:30,2,1,2020-03-07 12:30,0.0,99.93646740913391,2020-03-08 12:30,0.0,99.95729327201843
3311,2020-03-07 4:00,2,2,2020-03-08 4:00,0.0,97.63471484184265,2020-03-09 4:00,0.0,98.67004156112671
3312,2020-03-07 10:30,2,1,2020-03-08 10:30,0.0,99.55763220787048,2020-03-09 10:30,0.0,98.53374361991882
3313,2020-03-07 11:30,1,1,2020-03-08 11:30,0.0,99.62632060050964,2020-03-09 11:30,0.0,83.47702026367188
3314,2020-03-07 13:30,1,1,2020-03-08 13:30,0.0,99.84186887741089,2020-03-09 13:30,0.0,99.92798566818237
3315,2020-03-07 14:00,2,3,2020-03-08 14:00,0.0,99.96132254600525,2020-03-09 14:00,0.0,99.96834993362427
3316,2020-03-07 15:00,2,2,2020-03-08 15:00,0.0,99.9771237373352,2020-03-09 15:00,0.0,98.73188734054565
3317,2020-03-07 17:00,2,1,2020-03-08 17:00,0.0,99.91885423660278,2020-03-09 17:00,0.0,99.63285326957703
3318,2020-03-07 20:30,2,2,2020-03-08 20:30,0.0,94.05110478401184,2020-03-09 20:30,0.0,99.10686016082764
3319,2020-03-07 20:30,2,1,2020-03-08 20:30,0.0,93.12757849693298,2020-03-09 20:30,0.0,99.532949924469
3320,2020-03-07 21:00,2,3,2020-03-08 21:00,0.0,99.87899661064148,2020-03-09 21:00,0.0,99.97602105140686
3321,2020-03-07 21:30,2,3,2020-03-08 21:30,0.0,99.97827410697937,2020-03-09 21:30,0.0,99.98075366020203
3322,2020-03-07 23:00,2,3,2020-03-08 23:00,0.0,99.9266505241394,2020-03-09 23:00,0.0,99.98116493225098
3323,2020-03-08 4:00,2,1,2020-03-09 4:00,0.0,99.43934082984924,2020-03-10 4:00,0.0,99.71403479576111
3324,2020-03-08 11:00,2,1,2020-03-09 11:00,0.0,99.63405132293701,2020-03-10 11:00,0.0,99.2906928062439
3325,2020-03-08 11:00,1,1,2020-03-09 11:00,0.0,99.83025193214417,2020-03-10 11:00,0.0,99.65977072715759
3326,2020-03-08 16:30,1,2,2020-03-09 16:30,0.0,99.92956519126892,2020-03-10 16:30,0.0,99.85974431037903
3327,2020-03-08 20:30,2,3,2020-03-09 20:30,0.0,99.97079372406006,2020-03-10 20:30,0.0,99.94639754295349
3328,2020-03-08 22:00,1,2,2020-03-09 22:00,0.0,99.79561567306519,2020-03-10 22:00,0.0,97.94115424156189
3329,2020-03-08 22:30,2,2,2020-03-09 22:30,0.0,99.38657879829407,2020-03-10 22:30,0.0,99.62924122810364
3330,2020-03-08 23:00,2,2,2020-03-09 23:00,0.0,99.37275648117065,2020-03-10 23:00,0.0,98.41378927230835
3331,2020-03-09 0:30,2,2,2020-03-10 0:30,0.0,99.78058338165283,2020-03-11 0:30,0.0,97.79253005981445
3332,2020-03-09 4:30,2,2,2020-03-10 4:30,0.0,98.6671507358551,2020-03-11 4:30,0.0,94.66170072555542
3333,2020-03-09 11:30,1,2,2020-03-10 11:30,0.0,99.76356029510498,2020-03-11 11:30,0.0,99.77755546569824
3334,2020-03-09 12:00,2,2,2020-03-10 12:00,0.0,99.96843338012695,2020-03-11 12:00,0.0,99.71595406532288
3335,2020-03-09 13:30,1,3,2020-03-10 13:30,0.0,99.8058021068573,2020-03-11 13:30,0.0,99.83487129211426
3336,2020-03-09 14:30,1,2,2020-03-10 14:30,0.0,99.92873668670654,2020-03-11 14:30,0.0,99.67341423034668
3337,2020-03-09 15:00,2,2,2020-03-10 15:00,0.0,99.97067451477051,2020-03-11 15:00,0.0,99.93414282798767
3338,2020-03-09 16:00,2,3,2020-03-10 16:00,0.0,99.97352957725525,2020-03-11 16:00,0.0,99.47575330734253
3339,2020-03-09 16:00,1,2,2020-03-10 16:00,0.0,99.9540388584137,2020-03-11 16:00,0.0,99.91006255149841
3340,2020-03-09 16:00,1,1,2020-03-10 16:00,0.0,99.96501803398132,2020-03-11 16:00,0.0,99.92391467094421
3341,2020-03-09 18:00,2,2,2020-03-10 18:00,0.0,99.72212314605713,2020-03-11 18:00,0.0,99.74079132080078
3342,2020-03-09 18:30,2,1,2020-03-10 18:30,0.0,97.37664461135864,2020-03-11 18:30,0.0,99.68275427818298
3343,2020-03-09 23:00,2,1,2020-03-10 23:00,0.0,99.55443739891052,2020-03-11 23:00,0.0,99.8255729675293
3344,2020-03-09 23:30,2,2,2020-03-10 23:30,0.0,99.64078068733215,2020-03-11 23:30,0.0,99.83944296836853
3345,2020-03-10 3:30,2,3,2020-03-11 3:30,0.0,99.9631404876709,2020-03-12 3:30,0.0,99.89910125732422
3346,2020-03-10 5:30,1,3,2020-03-11 5:30,0.0,99.8171865940094,2020-03-12 5:30,0.0,99.62079524993896
3347,2020-03-10 5:30,2,2,2020-03-11 5:30,0.0,99.74819421768188,2020-03-12 5:30,0.0,99.79223608970642
3348,2020-03-10 6:30,1,1,2020-03-11 6:30,0.0,99.91946816444397,2020-03-12 6:30,0.0,99.88346695899963
3349,2020-03-10 8:30,2,1,2020-03-11 8:30,0.0,99.85374212265015,2020-03-12 8:30,0.0,99.94096755981445
3350,2020-03-10 16:00,2,3,2020-03-11 16:00,0.0,99.96371269226074,2020-03-12 16:00,0.0,99.95033144950867
3351,2020-03-10 16:30,1,3,2020-03-11 16:30,0.0,99.6220588684082,2020-03-12 16:30,0.0,99.72003698348999
3352,2020-03-10 18:00,1,3,2020-03-11 18:00,0.0,99.39721822738647,2020-03-12 18:00,0.0,99.76875185966492
3353,2020-03-10 19:00,2,3,2020-03-11 19:00,0.0,99.98108148574829,2020-03-12 19:00,0.0,99.98075366020203
3354,2020-03-10 20:00,2,1,2020-03-11 20:00,0.0,92.17351078987122,2020-03-12 20:00,0.0,99.57472681999207
3355,2020-03-11 0:00,2,2,2020-03-12 0:00,0.0,99.76526498794556,2020-03-13 0:00,0.0,99.70867037773132
3356,2020-03-11 3:00,1,3,2020-03-12 3:00,0.0,99.77356195449829,2020-03-13 3:00,0.0,97.50255942344666
3357,2020-03-11 7:30,2,1,2020-03-12 7:30,0.0,99.95290040969849,2020-03-13 7:30,0.0,99.827641248703
3358,2020-03-11 10:00,2,2,2020-03-12 10:00,0.0,99.9806821346283,2020-03-13 10:00,0.0,99.92803931236267
3359,2020-03-11 13:00,2,2,2020-03-12 13:00,0.0,99.981027841568,2020-03-13 13:00,0.0,99.94164705276489
3360,2020-03-11 16:00,2,3,2020-03-12 16:00,0.0,99.98113512992859,2020-03-13 16:00,0.0,99.9174416065216
3361,2020-03-11 16:00,1,3,2020-03-12 16:00,0.0,99.78379011154175,2020-03-13 16:00,0.0,99.18856620788574
3362,2020-03-12 0:00,2,3,2020-03-13 0:00,0.0,99.97667074203491,2020-03-14 0:00,0.0,99.97382760047913
3363,2020-03-12 2:30,1,3,2020-03-13 2:30,0.0,98.93545508384705,2020-03-14 2:30,0.0,99.3428885936737
3364,2020-03-12 8:00,1,1,2020-03-13 8:00,0.0,99.55673217773438,2020-03-14 8:00,0.0,98.01868200302124
3365,2020-03-12 8:30,1,2,2020-03-13 8:30,0.0,99.39606785774231,2020-03-14 8:30,0.0,96.46776914596558
3366,2020-03-12 9:00,2,3,2020-03-13 9:00,0.0,99.9755322933197,2020-03-14 9:00,0.0,99.98250007629395
3367,2020-03-12 14:30,1,2,2020-03-13 14:30,0.0,99.86282587051392,2020-03-14 14:30,0.0,99.93662238121033
3368,2020-03-12 15:00,1,1,2020-03-13 15:00,0.0,99.97376203536987,2020-03-14 15:00,0.0,99.94768500328064
3369,2020-03-12 15:30,2,2,2020-03-13 15:30,0.0,99.97588992118835,2020-03-14 15:30,0.0,99.92419481277466
3370,2020-03-12 17:00,1,1,2020-03-13 17:00,0.0,99.9718189239502,2020-03-14 17:00,0.0,99.95591044425964
3371,2020-03-12 18:00,1,2,2020-03-13 18:00,0.0,99.87367391586304,2020-03-14 18:00,0.0,99.03432130813599
3372,2020-03-12 21:00,1,1,2020-03-13 21:00,0.0,99.87161159515381,2020-03-14 21:00,0.0,99.97401237487793
3373,2020-03-13 0:30,1,2,2020-03-14 0:30,0.0,99.73033666610718,2020-03-15 0:30,0.0,98.53135347366333
3374,2020-03-13 1:00,1,3,2020-03-14 1:00,0.0,99.45390820503235,2020-03-15 1:00,0.0,99.31932091712952
3375,2020-03-13 3:00,2,2,2020-03-14 3:00,0.0,99.19925928115845,2020-03-15 3:00,0.0,99.72378611564636
3376,2020-03-13 6:30,1,2,2020-03-14 6:30,0.0,99.28354620933533,2020-03-15 6:30,0.0,98.7811803817749
3377,2020-03-13 7:30,2,1,2020-03-14 7:30,0.0,99.5749294757843,2020-03-15 7:30,0.0,99.15908575057983
3378,2020-03-13 8:30,1,2,2020-03-14 8:30,0.0,99.76029396057129,2020-03-15 8:30,0.0,99.17042851448059
3379,2020-03-13 13:30,2,1,2020-03-14 13:30,0.0,99.91809129714966,2020-03-15 13:30,0.0,99.85213875770569
3380,2020-03-13 14:00,1,3,2020-03-14 14:00,0.0,99.66711401939392,2020-03-15 14:00,0.0,99.8294472694397
3381,2020-03-13 16:30,1,3,2020-03-14 16:30,0.0,99.68131184577942,2020-03-15 16:30,0.0,99.83687400817871
3382,2020-03-13 18:30,2,1,2020-03-14 18:30,0.0,99.90637302398682,2020-03-15 18:30,0.0,99.81197714805603
3383,2020-03-13 20:00,1,3,2020-03-14 20:00,0.0,99.83041286468506,2020-03-15 20:00,0.0,99.46677684783936
3384,2020-03-13 23:00,1,2,2020-03-14 23:00,0.0,99.89460110664368,2020-03-15 23:00,0.0,99.85960721969604
3385,2020-03-14 0:30,1,1,2020-03-15 0:30,0.0,99.68507289886475,2020-03-16 0:30,0.0,99.90949630737305
3386,2020-03-14 5:00,1,2,2020-03-15 5:00,0.0,99.8258888721466,2020-03-16 5:00,0.0,99.53796863555908
3387,2020-03-14 5:30,2,3,2020-03-15 5:30,0.0,99.98105764389038,2020-03-16 5:30,0.0,99.94961619377136
3388,2020-03-14 7:00,1,2,2020-03-15 7:00,0.0,87.43637800216675,2020-03-16 7:00,0.0,99.28663372993469
3389,2020-03-14 7:30,2,1,2020-03-15 7:30,0.0,99.72411394119263,2020-03-16 7:30,0.0,99.68507289886475
3390,2020-03-14 18:30,2,3,2020-03-15 18:30,0.0,99.96349811553955,2020-03-16 18:30,0.0,99.76747035980225
3391,2020-03-14 22:30,2,3,2020-03-15 22:30,0.0,99.93839263916016,2020-03-16 22:30,0.0,99.98056292533875
3392,2020-03-14 22:30,2,1,2020-03-15 22:30,0.0,99.07781481742859,2020-03-16 22:30,0.0,99.62735176086426
3393,2020-03-15 5:00,1,3,2020-03-16 5:00,0.0,98.75249862670898,2020-03-17 5:00,0.0,96.84983491897583
3394,2020-03-15 6:30,1,1,2020-03-16 6:30,0.0,99.81135129928589,2020-03-17 6:30,0.0,99.87483620643616
3395,2020-03-15 7:00,1,3,2020-03-16 7:00,0.0,99.56623315811157,2020-03-17 7:00,0.0,98.89019727706909
3396,2020-03-15 11:30,2,3,2020-03-16 11:30,0.0,99.89003539085388,2020-03-17 11:30,0.0,99.96057748794556
3397,2020-03-15 14:00,2,1,2020-03-16 14:00,0.0,99.96464848518372,2020-03-17 14:00,0.0,99.92820024490356
3398,2020-03-15 15:00,2,2,2020-03-16 15:00,0.0,99.97588992118835,2020-03-17 15:00,0.0,99.96052980422974
3399,2020-03-15 17:00,2,3,2020-03-16 17:00,0.0,99.97996091842651,2020-03-17 17:00,0.0,99.97791647911072
3400,2020-03-15 20:00,2,2,2020-03-16 20:00,0.0,99.97330904006958,2020-03-17 20:00,0.0,99.89118576049805
3401,2020-03-16 7:30,1,2,2020-03-17 7:30,0.0,99.83066320419312,2020-03-18 7:30,0.0,99.87072944641113
3402,2020-03-16 12:30,1,3,2020-03-17 12:30,0.0,99.80643391609192,2020-03-18 12:30,0.0,99.83677268028259
3403,2020-03-16 13:00,1,3,2020-03-17 13:00,0.0,99.83735084533691,2020-03-18 13:00,0.0,99.80834722518921
3404,2020-03-16 18:30,2,2,2020-03-17 18:30,0.0,99.92337226867676,2020-03-18 18:30,0.0,99.89774227142334
3405,2020-03-16 21:00,1,1,2020-03-17 21:00,0.0,99.85179901123047,2020-03-18 21:00,0.0,99.8539924621582
3406,2020-03-17 1:30,2,2,2020-03-18 1:30,0.0,98.95373582839966,2020-03-19 1:30,0.0,96.94567918777466
3407,2020-03-17 3:30,2,3,2020-03-18 3:30,0.0,99.96016025543213,2020-03-19 3:30,0.0,99.9765396118164
3408,2020-03-17 4:30,2,1,2020-03-18 4:30,0.0,99.4374930858612,2020-03-19 4:30,0.0,99.36872720718384
3409,2020-03-17 6:00,2,1,2020-03-18 6:00,0.0,99.47088360786438,2020-03-19 6:00,0.0,98.69747757911682
3410,2020-03-17 8:00,2,1,2020-03-18 8:00,0.0,98.49451184272766,2020-03-19 8:00,0.0,98.65599870681763
3411,2020-03-17 13:00,2,2,2020-03-18 13:00,0.0,98.97246360778809,2020-03-19 13:00,0.0,99.37571883201599
3412,2020-03-17 17:00,1,3,2020-03-18 17:00,0.0,99.72631335258484,2020-03-19 17:00,0.0,99.72867965698242
3413,2020-03-17 18:30,2,1,2020-03-18 18:30,0.0,99.48144555091858,2020-03-19 18:30,0.0,99.80205297470093
3414,2020-03-17 20:00,1,3,2020-03-18 20:00,0.0,99.46606159210205,2020-03-19 20:00,0.0,99.76153373718262
3415,2020-03-17 22:00,2,3,2020-03-18 22:00,0.0,99.96914863586426,2020-03-19 22:00,0.0,99.9729335308075
3416,2020-03-18 3:00,1,1,2020-03-19 3:00,0.0,99.87295866012573,2020-03-20 3:00,0.0,99.88779425621033
3417,2020-03-18 9:30,1,3,2020-03-19 9:30,0.0,99.65023398399353,2020-03-20 9:30,0.0,98.75467419624329
3418,2020-03-18 10:00,1,3,2020-03-19 10:00,0.0,99.74974393844604,2020-03-20 10:00,0.0,98.64585995674133
3419,2020-03-18 16:30,2,2,2020-03-19 16:30,0.0,99.97588992118835,2020-03-20 16:30,0.0,99.96610283851624
3420,2020-03-18 17:30,1,2,2020-03-19 17:30,0.0,99.64144825935364,2020-03-20 17:30,0.0,99.87652897834778
3421,2020-03-18 20:00,2,3,2020-03-19 20:00,0.0,99.97498393058777,2020-03-20 20:00,0.0,99.88775253295898
3422,2020-03-18 22:30,1,2,2020-03-19 22:30,0.0,99.77610111236572,2020-03-20 22:30,0.0,99.68119263648987
3423,2020-03-18 23:00,2,3,2020-03-19 23:00,0.0,99.98113512992859,2020-03-20 23:00,0.0,99.94437098503113
3424,2020-03-19 1:00,2,2,2020-03-20 1:00,0.0,97.1518874168396,2020-03-21 1:00,0.0,99.51167106628418
3425,2020-03-19 2:30,1,3,2020-03-20 2:30,0.0,99.81050491333008,2020-03-21 2:30,0.0,99.54665303230286
3426,2020-03-19 3:00,2,2,2020-03-20 3:00,0.0,98.32842350006104,2020-03-21 3:00,0.0,99.3533194065094
3427,2020-03-19 4:00,1,2,2020-03-20 4:00,0.0,99.65242743492126,2020-03-21 4:00,0.0,99.67187643051147
3428,2020-03-19 9:30,2,2,2020-03-20 9:30,0.0,99.9045729637146,2020-03-21 9:30,0.0,99.67993497848511
3429,2020-03-19 10:00,1,3,2020-03-20 10:00,0.0,99.8659610748291,2020-03-21 10:00,0.0,99.78835582733154
3430,2020-03-19 11:30,1,1,2020-03-20 11:30,0.0,99.95455145835876,2020-03-21 11:30,0.0,99.95449781417847
3431,2020-03-19 14:30,1,1,2020-03-20 14:30,0.0,99.96687173843384,2020-03-21 14:30,0.0,99.96210932731628
3432,2020-03-19 22:00,1,2,2020-03-20 22:00,0.0,99.72682595252991,2020-03-21 22:00,0.0,99.89489316940308
3433,2020-03-20 7:30,2,3,2020-03-21 7:30,0.0,99.9792218208313,2020-03-22 7:30,0.0,99.97613430023193
3434,2020-03-20 10:00,1,1,2020-03-21 10:00,0.0,99.95244145393372,2020-03-22 10:00,0.0,99.94673132896423
3435,2020-03-20 17:00,2,3,2020-03-21 17:00,0.0,99.9794602394104,2020-03-22 17:00,0.0,99.93292093276978
3436,2020-03-20 17:00,2,1,2020-03-21 17:00,0.0,99.97361302375793,2020-03-22 17:00,0.0,99.91455078125
3437,2020-03-20 17:30,1,1,2020-03-21 17:30,0.0,99.9718189239502,2020-03-22 17:30,0.0,99.92475509643555
3438,2020-03-20 22:30,1,2,2020-03-21 22:30,0.0,99.86915588378906,2020-03-22 22:30,0.0,99.86677169799805
3439,2020-03-21 2:30,2,2,2020-03-22 2:30,0.0,99.87189769744873,2020-03-23 2:30,0.0,99.81366395950317
3440,2020-03-21 7:30,2,1,2020-03-22 7:30,0.0,99.88119006156921,2020-03-23 7:30,0.0,99.80148673057556
3441,2020-03-21 10:30,1,3,2020-03-22 10:30,0.0,99.93377923965454,2020-03-23 10:30,0.0,99.82448816299438
3442,2020-03-21 11:00,1,2,2020-03-22 11:00,0.0,99.93645548820496,2020-03-23 11:00,0.0,99.87265467643738
3443,2020-03-21 16:00,2,1,2020-03-22 16:00,0.0,99.94193911552429,2020-03-23 16:00,0.0,99.96848106384277
3444,2020-03-21 21:30,1,3,2020-03-22 21:30,0.0,99.47584271430969,2020-03-23 21:30,0.0,99.43928122520447
3445,2020-03-21 22:30,2,2,2020-03-22 22:30,0.0,99.84440803527832,2020-03-23 22:30,0.0,99.83125329017639
3446,2020-03-22 0:00,2,3,2020-03-23 0:00,0.0,99.9886691570282,2020-03-24 0:00,0.0,99.98213052749634
3447,2020-03-22 2:00,1,2,2020-03-23 2:00,0.0,99.51560497283936,2020-03-24 2:00,0.0,99.61004853248596
3448,2020-03-22 5:00,2,1,2020-03-23 5:00,0.0,99.94733333587646,2020-03-24 5:00,0.0,99.96058940887451
3449,2020-03-22 6:00,1,1,2020-03-23 6:00,0.0,99.94732141494751,2020-03-24 6:00,0.0,99.93487000465393
3450,2020-03-22 6:30,2,2,2020-03-23 6:30,0.0,99.87462759017944,2020-03-24 6:30,0.0,99.94694590568542
3451,2020-03-22 7:30,2,2,2020-03-23 7:30,0.0,99.93879199028015,2020-03-24 7:30,0.0,99.91234540939331
3452,2020-03-22 8:30,1,1,2020-03-23 8:30,0.0,99.9117374420166,2020-03-24 8:30,0.0,99.95890259742737
3453,2020-03-22 9:00,2,3,2020-03-23 9:00,0.0,99.87091422080994,2020-03-24 9:00,0.0,99.96010661125183
3454,2020-03-22 13:00,1,1,2020-03-23 13:00,0.0,99.96687173843384,2020-03-24 13:00,0.0,99.96415972709656
3455,2020-03-22 17:30,1,2,2020-03-23 17:30,0.0,99.81377124786377,2020-03-24 17:30,0.0,99.88934993743896
3456,2020-03-22 21:30,1,1,2020-03-23 21:30,0.0,99.9239444732666,2020-03-24 21:30,0.0,99.9659538269043
3457,2020-03-23 0:00,2,3,2020-03-24 0:00,0.0,99.98657703399658,2020-03-25 0:00,0.0,99.98300671577454
3458,2020-03-23 2:00,2,1,2020-03-24 2:00,0.0,99.9288260936737,2020-03-25 2:00,0.0,99.8071551322937
3459,2020-03-23 4:30,1,2,2020-03-24 4:30,0.0,99.86591339111328,2020-03-25 4:30,0.0,99.74511861801147
3460,2020-03-23 6:00,1,2,2020-03-24 6:00,0.0,99.86758232116699,2020-03-25 6:00,0.0,99.69866871833801
3461,2020-03-23 8:30,1,3,2020-03-24 8:30,0.0,99.73343014717102,2020-03-25 8:30,0.0,99.64878559112549
3462,2020-03-23 9:00,1,1,2020-03-24 9:00,0.0,99.93609189987183,2020-03-25 9:00,0.0,99.96888041496277
3463,2020-03-23 9:00,1,2,2020-03-24 9:00,0.0,99.94969964027405,2020-03-25 9:00,0.0,99.9003529548645
3464,2020-03-23 15:00,2,2,2020-03-24 15:00,0.0,99.91187453269958,2020-03-25 15:00,0.0,99.95936751365662
3465,2020-03-23 15:30,2,2,2020-03-24 15:30,0.0,99.88893270492554,2020-03-25 15:30,0.0,99.95936751365662
3466,2020-03-23 16:00,2,1,2020-03-24 16:00,0.0,99.82975125312805,2020-03-25 16:00,0.0,99.92725253105164
3467,2020-03-23 18:30,2,3,2020-03-24 18:30,0.0,99.98657703399658,2020-03-25 18:30,0.0,99.98869299888611
3468,2020-03-23 21:00,2,3,2020-03-24 21:00,0.0,99.98657703399658,2020-03-25 21:00,0.0,99.98390674591064
3469,2020-03-24 0:30,1,3,2020-03-25 0:30,0.0,99.91739392280579,2020-03-26 0:30,0.0,99.80199933052063
3470,2020-03-24 7:00,1,3,2020-03-25 7:00,0.0,99.2332935333252,2020-03-26 7:00,0.0,99.63414072990417
3471,2020-03-24 13:30,2,3,2020-03-25 13:30,0.0,99.989914894104,2020-03-26 13:30,0.0,99.92471933364868
3472,2020-03-24 14:30,1,1,2020-03-25 14:30,0.0,99.9626636505127,2020-03-26 14:30,0.0,99.96121525764465
3473,2020-03-24 17:00,1,2,2020-03-25 17:00,0.0,99.9180018901825,2020-03-26 17:00,0.0,99.92687702178955
3474,2020-03-24 19:00,1,3,2020-03-25 19:00,0.0,99.90668892860413,2020-03-26 19:00,0.0,98.74906539916992
3475,2020-03-24 19:30,2,1,2020-03-25 19:30,0.0,99.92910027503967,2020-03-26 19:30,0.0,99.88474249839783
3476,2020-03-24 21:30,2,1,2020-03-25 21:30,0.0,99.7493326663971,2020-03-26 21:30,0.0,99.94187951087952
3477,2020-03-25 0:00,2,2,2020-03-26 0:00,0.0,99.88799095153809,2020-03-27 0:00,0.0,99.91147518157959
3478,2020-03-25 0:30,2,2,2020-03-26 0:30,0.0,99.88799095153809,2020-03-27 0:30,0.0,99.91147518157959
3479,2020-03-25 1:00,2,2,2020-03-26 1:00,0.0,99.88057613372803,2020-03-27 1:00,0.0,99.91147518157959
3480,2020-03-25 1:30,2,1,2020-03-26 1:30,0.0,99.95844960212708,2020-03-27 1:30,0.0,99.64529871940613
3481,2020-03-25 1:30,2,2,2020-03-26 1:30,0.0,99.9206006526947,2020-03-27 1:30,0.0,99.91284012794495
3482,2020-03-25 2:00,2,1,2020-03-26 2:00,0.0,99.945467710495,2020-03-27 2:00,0.0,99.59002733230591
3483,2020-03-25 2:00,2,2,2020-03-26 2:00,0.0,99.89718198776245,2020-03-27 2:00,0.0,99.92132186889648
3484,2020-03-25 2:30,2,1,2020-03-26 2:30,0.0,99.96083974838257,2020-03-27 2:30,0.0,99.69567656517029
3485,2020-03-25 2:30,2,2,2020-03-26 2:30,0.0,99.91505146026611,2020-03-27 2:30,0.0,99.92469549179077
3486,2020-03-25 3:00,2,2,2020-03-26 3:00,0.0,99.90203380584717,2020-03-27 3:00,0.0,99.92469549179077
3487,2020-03-25 4:30,2,3,2020-03-26 4:30,0.0,99.98552799224854,2020-03-27 4:30,0.0,99.94708895683289
3488,2020-03-25 5:00,1,1,2020-03-26 5:00,0.0,99.95543360710144,2020-03-27 5:00,0.0,99.95445013046265
3489,2020-03-25 14:00,1,3,2020-03-26 14:00,0.0,99.90265965461731,2020-03-27 14:00,0.0,99.93234872817993
3490,2020-03-25 17:30,1,2,2020-03-26 17:30,0.0,99.87834692001343,2020-03-27 17:30,0.0,99.64569807052612
3491,2020-03-25 20:00,1,1,2020-03-26 20:00,0.0,99.94648098945618,2020-03-27 20:00,0.0,99.97802972793579
3492,2020-03-26 0:00,2,2,2020-03-27 0:00,0.0,99.93774890899658,2020-03-28 0:00,0.0,99.91571307182312
3493,2020-03-26 0:30,2,2,2020-03-27 0:30,0.0,99.93774890899658,2020-03-28 0:30,0.0,99.92556571960449
3494,2020-03-26 1:00,2,2,2020-03-27 1:00,0.0,99.93774890899658,2020-03-28 1:00,0.0,99.92340207099915
3495,2020-03-26 1:30,2,1,2020-03-27 1:30,0.0,99.91632103919983,2020-03-28 1:30,0.0,99.93534684181213
3496,2020-03-26 1:30,2,2,2020-03-27 1:30,0.0,99.93774890899658,2020-03-28 1:30,0.0,99.93370175361633
3497,2020-03-26 2:00,2,1,2020-03-27 2:00,0.0,99.91312026977539,2020-03-28 2:00,0.0,99.93534684181213
3498,2020-03-26 2:00,2,2,2020-03-27 2:00,0.0,99.93774890899658,2020-03-28 2:00,0.0,99.93370175361633
3499,2020-03-26 2:30,2,1,2020-03-27 2:30,0.0,99.91632103919983,2020-03-28 2:30,0.0,99.91865158081055
3500,2020-03-26 2:30,2,2,2020-03-27 2:30,0.0,99.93774890899658,2020-03-28 2:30,0.0,99.93370175361633
3501,2020-03-26 3:00,2,2,2020-03-27 3:00,0.0,99.93774890899658,2020-03-28 3:00,0.0,99.9249279499054
3502,2020-03-26 3:30,2,3,2020-03-27 3:30,0.0,99.98694658279419,2020-03-28 3:30,0.0,99.976646900177
3503,2020-03-26 4:00,2,1,2020-03-27 4:00,0.0,99.91312026977539,2020-03-28 4:00,0.0,99.91905093193054
3504,2020-03-26 6:30,2,3,2020-03-27 6:30,0.0,99.98630285263062,2020-03-28 6:30,0.0,99.976646900177
3505,2020-03-26 7:30,2,3,2020-03-27 7:30,0.0,99.98819231987,2020-03-28 7:30,0.0,99.98330473899841
3506,2020-03-26 15:00,2,2,2020-03-27 15:00,0.0,99.92503523826599,2020-03-28 15:00,0.0,99.95770454406738
3507,2020-03-26 16:30,1,2,2020-03-27 16:30,0.0,99.17446374893188,2020-03-28 16:30,0.0,99.90540146827698
3508,2020-03-26 19:00,2,2,2020-03-27 19:00,0.0,99.88131523132324,2020-03-28 19:00,0.0,99.90832805633545
3509,2020-03-26 20:00,2,3,2020-03-27 20:00,0.0,99.98688101768494,2020-03-28 20:00,0.0,99.98385906219482
3510,2020-03-27 4:30,1,1,2020-03-28 4:30,0.0,99.82748627662659,2020-03-29 4:30,0.0,99.92249608039856
3511,2020-03-27 6:30,1,1,2020-03-28 6:30,0.0,99.8559296131134,2020-03-29 6:30,0.0,99.88126158714294
3512,2020-03-27 7:30,1,1,2020-03-28 7:30,0.0,99.92120862007141,2020-03-29 7:30,0.0,99.88848567008972
3513,2020-03-27 8:30,2,2,2020-03-28 8:30,0.0,99.8993456363678,2020-03-29 8:30,0.0,99.42646622657776
3514,2020-03-27 9:00,1,1,2020-03-28 9:00,0.0,99.91781711578369,2020-03-29 9:00,0.0,99.88549947738647
3515,2020-03-27 10:30,2,3,2020-03-28 10:30,0.0,99.98819231987,2020-03-29 10:30,0.0,99.9815285205841
3516,2020-03-27 11:00,2,3,2020-03-28 11:00,0.0,99.9854028224945,2020-03-29 11:00,0.0,99.98869299888611
3517,2020-03-27 13:30,2,1,2020-03-28 13:30,0.0,99.94193315505981,2020-03-29 13:30,0.0,99.91720914840698
3518,2020-03-27 14:00,1,3,2020-03-28 14:00,0.0,99.92324113845825,2020-03-29 14:00,0.0,99.5987057685852
3519,2020-03-27 15:00,2,2,2020-03-28 15:00,0.0,99.93162751197815,2020-03-29 15:00,0.0,99.95707869529724
3520,2020-03-27 15:30,2,2,2020-03-28 15:30,0.0,99.92480874061584,2020-03-29 15:30,0.0,99.9602198600769
3521,2020-03-27 18:00,2,2,2020-03-28 18:00,0.0,99.90267753601074,2020-03-29 18:00,0.0,99.94396567344666
3522,2020-03-27 19:00,1,3,2020-03-28 19:00,0.0,99.90277290344238,2020-03-29 19:00,0.0,99.74326491355896
3523,2020-03-27 19:00,2,3,2020-03-28 19:00,0.0,99.989914894104,2020-03-29 19:00,0.0,99.98624920845032
3524,2020-03-27 19:30,1,1,2020-03-28 19:30,0.0,99.93416666984558,2020-03-29 19:30,0.0,99.94848370552063
3525,2020-03-28 0:00,1,2,2020-03-29 0:00,0.0,99.95117783546448,2020-03-30 0:00,0.0,99.88311529159546
3526,2020-03-28 2:00,1,1,2020-03-29 2:00,0.0,99.95375871658325,2020-03-30 2:00,0.0,99.92625713348389
3527,2020-03-28 4:30,1,1,2020-03-29 4:30,0.0,99.96954202651978,2020-03-30 4:30,0.0,99.9255120754242
3528,2020-03-28 7:30,1,3,2020-03-29 7:30,0.0,99.84557628631592,2020-03-30 7:30,0.0,99.82017278671265
3529,2020-03-28 13:30,1,3,2020-03-29 13:30,0.0,99.8334527015686,2020-03-30 13:30,0.0,99.56362843513489
3530,2020-03-28 14:30,2,2,2020-03-29 14:30,0.0,99.97135996818542,2020-03-30 14:30,0.0,99.96148943901062
3531,2020-03-28 23:00,2,1,2020-03-29 23:00,0.0,99.97711777687073,2020-03-30 23:00,0.0,99.71285462379456
3532,2020-03-28 23:30,1,3,2020-03-29 23:30,0.0,99.90704655647278,2020-03-30 23:30,0.0,99.55796599388123
3533,2020-03-29 2:30,1,3,2020-03-30 2:30,0.0,99.69056844711304,2020-03-31 2:30,0.0,99.62961673736572
3534,2020-03-29 3:00,1,2,2020-03-30 3:00,0.0,99.86869096755981,2020-03-31 3:00,0.0,98.77809882164001
3535,2020-03-29 5:00,2,3,2020-03-30 5:00,0.0,99.84142780303955,2020-03-31 5:00,0.0,99.89848136901855
3536,2020-03-29 7:00,2,1,2020-03-30 7:00,0.0,99.14497137069702,2020-03-31 7:00,0.0,99.23669099807739
3537,2020-03-29 11:30,1,1,2020-03-30 11:30,0.0,99.96203780174255,2020-03-31 11:30,0.0,99.96340870857239
3538,2020-03-29 19:30,1,1,2020-03-30 19:30,0.0,99.9389111995697,2020-03-31 19:30,0.0,99.95421171188354
